   4	  489	 989.099	 990.400	 126.820	 2.515	 100.224	 -126.099
   4	 1571	 996.335	 985.098	 126.808	 2.533	 100.173	 -126.142
  39	 1866	 992.244	 975.465	 131.112	 2.338	 100.492	 -126.259
   5	  931	 968.539	 987.542	 128.065	 2.405	 100.234	 -126.314
  42	 3860	 998.520	 980.730	 113.285	 2.140	 100.238	 -126.384
   5	 3529	 968.368	 988.275	 125.769	 2.533	 100.163	 -126.456
  26	 1980	 964.340	 996.539	 130.851	 2.263	 100.776	 -126.481
  47	 2265	 987.773	 998.240	 140.191	 2.399	 101.041	 -126.581
  26	 2166	 960.698	 984.406	 121.988	 2.211	 100.007	 -126.583
  39	 3453	 993.608	 964.644	 116.262	 2.200	 100.574	 -126.594
  42	 1850	 988.397	 989.422	 137.412	 2.422	 101.097	 -126.636
  44	 1577	 979.286	 992.903	 121.150	 2.685	 100.087	 -126.640
  47	 2299	 986.491	 999.299	 143.303	 2.420	 100.720	 -126.697
   5	 3495	 961.362	 985.357	 124.067	 2.512	 100.406	 -126.699
  39	 3240	 989.301	 961.801	 116.673	 2.238	 100.595	 -126.705
  47	 2236	 991.137	 975.858	 137.054	 2.353	 100.971	 -126.711
  47	 2343	 980.473	 994.446	 135.256	 2.237	 101.730	 -126.715
  47	 1022	 983.785	 974.569	 137.071	 2.253	 100.832	 -126.748
  46	 1419	 997.989	 989.811	 124.678	 2.145	 103.294	 -126.870
  44	 3907	 976.851	 995.270	 120.369	 2.548	 101.724	 -126.917
   5	 2197	 983.680	 973.929	 131.949	 2.235	 102.139	 -127.031
  26	 1832	 977.772	 997.938	 112.418	 2.112	 100.802	 -127.033
  37	 1604	 954.171	 999.672	 123.851	 2.336	 102.180	 -127.086
   1	  890	 996.701	 996.511	 122.912	 1.983	 102.674	 -127.157
   8	 1878	 988.341	 989.968	 124.990	 2.080	 103.169	 -127.195
  36	 3281	 986.261	 968.765	 115.492	 2.121	 101.636	 -127.232
   5	  793	 989.490	 977.015	 140.613	 2.059	 101.264	 -127.279
   6	 2400	 988.830	 970.284	 146.802	 2.167	 100.340	 -127.296
  46	  569	 990.006	 994.721	 106.912	 2.401	 101.473	 -127.323
  18	 1332	 982.560	 985.178	 136.026	 2.710	 100.610	 -127.339
  29	 3440	 994.219	 943.321	 134.015	 1.927	 100.094	 -127.373
  42	 1688	 969.564	 996.498	 148.756	 2.147	 100.196	 -127.387
   8	 1856	 981.637	 946.647	 124.499	 2.212	 101.900	 -127.389
  20	 2103	 971.428	 957.301	 124.817	 2.274	 102.092	 -127.470
  42	 3711	 984.456	 949.051	 125.460	 2.084	 102.102	 -127.491
   1	  720	 964.169	 998.456	 130.666	 2.102	 102.779	 -127.497
  46	 1597	 944.646	 999.364	 137.257	 2.820	 100.035	 -127.510
  39	 3174	 989.792	 954.625	 111.311	 2.212	 101.444	 -127.518
  20	 2016	 993.199	 998.813	 114.755	 2.372	 104.494	 -127.530
  39	 1410	 949.759	 977.612	 135.242	 2.553	 101.205	 -127.589
  41	 2509	 960.324	 952.847	 127.836	 2.023	 100.261	 -127.589
   4	 2603	 999.515	 991.829	 119.133	 2.319	 105.375	 -127.591
  40	 2953	 966.540	 995.741	 120.483	 2.601	 102.901	 -127.681
  30	 2676	 958.335	 942.579	 126.702	 2.415	 100.949	 -127.702
  42	 3737	 994.371	 957.139	 124.562	 1.842	 100.329	 -127.706
  42	 2898	 991.051	 998.321	 123.682	 1.871	 101.670	 -127.720
  42	 1220	 983.691	 961.365	 124.329	 2.141	 103.576	 -127.737
  29	 1958	 993.614	 983.224	 120.885	 2.836	 101.030	 -127.757
  30	 3093	 912.131	 987.177	 131.601	 2.667	 100.537	 -127.762
  46	 1319	 974.316	 999.683	 124.304	 2.321	 105.251	 -127.781
  18	 1349	 985.257	 981.715	 134.382	 2.833	 100.597	 -127.857
   7	  904	 999.100	 887.080	 121.746	 2.345	 100.178	 -127.875
  37	 2758	 967.130	 977.363	 133.833	 2.013	 102.094	 -127.888
  42	 2611	 973.012	 930.580	 119.720	 1.970	 100.276	 -127.889
  13	 1717	 961.009	 968.188	 148.968	 2.295	 100.512	 -127.902
  18	  935	 943.784	 964.401	 122.672	 2.451	 101.968	 -128.005
  36	 1883	 982.311	 967.809	 115.458	 2.296	 103.842	 -128.019
  30	 1415	 938.604	 984.195	 129.876	 2.464	 102.969	 -128.027
   1	  979	 987.743	 972.004	 144.265	 2.176	 103.125	 -128.047
  39	 3541	 996.311	 955.980	 110.097	 1.978	 101.821	 -128.068
  30	  419	 959.247	 914.090	 130.270	 2.240	 100.968	 -128.112
  20	 3888	 900.932	 975.945	 132.459	 2.476	 101.018	 -128.116
  20	 2237	 968.123	 994.755	 130.979	 2.158	 105.232	 -128.129
   5	 1758	 930.032	 995.237	 117.814	 2.039	 100.026	 -128.138
  47	  826	 985.750	 967.635	 135.102	 2.102	 104.544	 -128.176
   8	 3056	 976.749	 999.313	 149.782	 2.318	 103.168	 -128.182
  40	  715	 980.840	 964.207	 136.599	 2.782	 100.478	 -128.186
  20	 3094	 898.617	 970.989	 140.207	 2.391	 100.388	 -128.194
  41	 2802	 984.328	 958.845	 149.670	 2.442	 100.827	 -128.199
  36	 2620	 920.572	 981.007	 119.954	 2.292	 101.807	 -128.200
  30	 2594	 967.222	 975.891	 111.526	 2.638	 101.585	 -128.261
  37	 3283	 944.282	 938.694	 122.976	 2.417	 101.426	 -128.276
   8	 3883	 952.225	 982.107	 113.992	 2.767	 100.899	 -128.283
  46	 1812	 984.400	 943.292	 116.425	 1.878	 100.988	 -128.322
   4	  903	 927.760	 981.412	 117.493	 2.417	 102.345	 -128.325
  29	 2820	 942.890	 922.332	 135.112	 2.356	 100.672	 -128.325
  13	 2575	 940.799	 918.926	 132.923	 2.122	 100.464	 -128.342
   5	 3209	 989.998	 992.446	 158.559	 2.072	 100.262	 -128.362
  40	  936	 978.003	 955.485	 140.177	 2.643	 101.204	 -128.371
   6	 3534	 937.977	 914.499	 134.354	 2.339	 100.355	 -128.399
  48	 1936	 976.838	 965.978	 145.084	 2.670	 100.890	 -128.434
   4	 3192	 966.351	 978.505	 138.613	 2.308	 104.693	 -128.456
   5	 2807	 976.763	 916.395	 115.660	 2.261	 102.077	 -128.465
  36	  855	 968.427	 962.527	 142.722	 2.400	 103.002	 -128.485
   4	 3227	 922.460	 996.641	 143.893	 2.152	 101.916	 -128.510
  44	 3708	 978.454	 970.417	 123.210	 2.284	 105.982	 -128.523
  20	 2063	 963.060	 955.910	 111.573	 2.231	 102.582	 -128.531
   5	 3882	 983.910	 990.687	 109.007	 2.461	 104.515	 -128.544
  41	 3914	 986.255	 916.952	 122.802	 1.837	 101.140	 -128.555
  20	  805	 854.576	 998.625	 132.670	 2.717	 100.752	 -128.564
  48	 2920	 984.808	 873.509	 119.736	 2.093	 101.346	 -128.568
   1	 2645	 939.937	 999.895	 149.734	 2.722	 101.393	 -128.610
  44	 1235	 941.154	 963.206	 134.570	 2.107	 103.018	 -128.658
  16	 2354	 973.536	 979.618	 124.463	 2.369	 106.397	 -128.668
  37	 2503	 997.902	 999.540	 117.138	 3.085	 101.100	 -128.697
  37	 2505	 997.902	 999.540	 117.138	 3.085	 101.100	 -128.697
  31	 3609	 957.059	 996.027	 143.145	 2.309	 105.195	 -128.720
  39	 1113	 939.079	 925.872	 137.939	 2.477	 101.053	 -128.789
  18	 3597	 998.867	 956.094	 142.073	 2.153	 105.552	 -128.829
   8	 1464	 888.959	 966.640	 121.278	 2.584	 100.982	 -128.842
  48	  836	 908.417	 936.871	 123.014	 2.576	 100.507	 -128.875
   8	 1229	 983.116	 957.881	 149.706	 2.137	 103.336	 -128.925
  40	  600	 941.537	 963.549	 129.356	 2.944	 100.313	 -128.929
  20	 2462	 978.698	 908.404	 144.180	 1.982	 101.481	 -128.948
  44	 2018	 909.840	 948.667	 132.520	 2.186	 101.850	 -128.949
  40	 1267	 930.628	 947.093	 134.544	 2.415	 102.913	 -128.951
  44	 3408	 926.244	 960.614	 128.037	 2.558	 103.018	 -128.952
  16	 2842	 920.894	 962.467	 114.915	 2.160	 101.435	 -128.962
  48	 3859	 988.295	 899.292	 113.640	 2.114	 103.176	 -129.012
  30	 3517	 909.280	 954.715	 116.416	 2.269	 101.344	 -129.018
  46	 3648	 913.781	 982.544	 108.549	 2.666	 100.423	 -129.024
   7	 3077	 943.448	 981.071	 123.254	 2.415	 105.676	 -129.026
  26	  776	 979.526	 936.914	 144.094	 2.435	 102.809	 -129.051
  31	 1454	 943.234	 960.937	 143.802	 2.093	 102.827	 -129.052
  31	 3540	 975.897	 995.008	 143.633	 2.170	 106.747	 -129.056
  36	 1026	 931.889	 975.833	 137.129	 2.584	 103.807	 -129.074
   6	 2103	 979.572	 955.233	 146.608	 2.654	 101.656	 -129.095
  46	 2574	 842.943	 995.635	 148.425	 2.516	 100.641	 -129.142
   0	 1046	 898.278	 995.311	 137.129	 2.530	 104.175	 -129.159
  30	  546	 939.081	 883.416	 128.746	 2.476	 100.081	 -129.171
  20	 2568	 936.545	 937.193	 148.793	 2.223	 101.560	 -129.220
  29	 1565	 990.031	 993.398	 109.934	 2.154	 107.869	 -129.237
  47	 3869	 925.777	 966.798	 123.812	 1.938	 101.051	 -129.243
  40	 1178	 939.160	 977.921	 119.114	 2.338	 105.616	 -129.244
  30	 2804	 930.593	 921.533	 132.231	 2.729	 100.193	 -129.251
  41	 1562	 928.446	 929.105	 121.874	 2.125	 102.491	 -129.292
  29	 2328	 985.019	 993.770	 125.141	 2.909	 104.252	 -129.308
  46	 3717	 948.916	 926.324	 106.719	 2.500	 100.049	 -129.319
  41	 1519	 927.763	 959.161	 140.665	 2.222	 103.990	 -129.361
   0	 3606	 942.917	 949.514	 127.166	 2.918	 100.764	 -129.403
   0	 3605	 942.917	 949.514	 127.166	 2.918	 100.764	 -129.403
  29	  522	 891.748	 953.565	 134.191	 2.628	 102.149	 -129.486
  13	 1965	 909.779	 992.237	 121.513	 1.982	 101.592	 -129.499
  46	 3269	 859.801	 943.592	 131.550	 2.508	 101.101	 -129.611
  18	 3872	 936.922	 881.346	 122.010	 2.043	 101.453	 -129.613
  44	  749	 983.430	 847.138	 111.551	 2.208	 100.960	 -129.614
  13	 1360	 864.738	 990.074	 151.852	 2.764	 101.154	 -129.630
  44	  643	 954.217	 871.531	 111.368	 2.300	 100.375	 -129.643
  41	 3302	 953.173	 926.991	 133.478	 2.137	 105.197	 -129.646
  30	 1968	 991.699	 938.826	 134.755	 2.718	 103.248	 -129.664
  44	 3151	 951.299	 997.867	 145.965	 1.932	 103.656	 -129.680
  48	 3467	 987.107	 931.098	 137.886	 1.887	 105.254	 -129.682
  41	  784	 954.935	 993.559	 154.404	 2.045	 103.594	 -129.694
   1	 3183	 979.407	 956.762	 107.189	 2.372	 105.236	 -129.702
  44	  490	 826.634	 958.714	 128.352	 2.727	 100.008	 -129.712
  46	 1199	 975.759	 954.890	 115.681	 2.261	 107.552	 -129.726
   7	  735	 945.332	 968.303	 141.760	 2.102	 105.739	 -129.736
  44	 2898	 868.777	 964.704	 136.954	 2.736	 101.961	 -129.767
  29	 1583	 973.488	 942.876	 118.418	 2.282	 107.219	 -129.789
   0	 2994	 950.114	 992.304	 131.676	 2.356	 109.009	 -129.802
  48	 3037	 966.254	 854.274	 123.284	 1.952	 102.517	 -129.820
   6	 2703	 960.327	 912.604	 135.269	 1.907	 103.621	 -129.826
  31	  686	 934.236	 999.851	 131.407	 1.987	 106.014	 -129.840
   0	 1200	 906.371	 945.459	 131.143	 2.181	 103.937	 -129.841
  37	 3681	 892.554	 949.236	 144.337	 2.724	 101.328	 -129.865
   1	 2035	 947.230	 992.720	 118.888	 2.890	 104.531	 -129.885
  26	 2425	 930.403	 897.414	 115.262	 2.087	 101.649	 -129.902
  16	  827	 984.429	 976.462	 106.137	 1.994	 105.981	 -129.907
  20	 2075	 955.883	 969.830	 101.190	 2.252	 102.610	 -129.950
  30	 3506	 866.988	 933.479	 118.993	 2.368	 100.816	 -130.002
  41	 2793	 981.644	 948.817	 164.882	 2.473	 100.337	 -130.064
  48	 2698	 969.066	 817.800	 134.741	 2.307	 100.239	 -130.118
  30	  470	 924.537	 840.846	 138.132	 2.228	 100.161	 -130.126
   8	 2253	 958.386	 902.738	 128.639	 1.992	 105.354	 -130.135
  48	 2050	 983.911	 890.842	 144.477	 2.603	 100.989	 -130.140
  41	 1452	 895.382	 898.001	 126.242	 2.093	 101.300	 -130.166
  42	  846	 998.959	 809.964	 136.727	 1.877	 102.591	 -130.171
  20	 1788	 957.139	 985.737	 151.344	 2.235	 107.029	 -130.209
   6	 1900	 842.862	 958.028	 154.143	 2.516	 100.594	 -130.219
  44	 1795	 783.747	 975.294	 141.342	 2.795	 100.387	 -130.287
  26	 2993	 992.239	 957.964	 142.605	 3.094	 100.224	 -130.318
  18	 3655	 961.389	 834.645	 146.174	 1.997	 100.980	 -130.358
  44	 2882	 895.059	 944.814	 129.690	 2.728	 103.186	 -130.377
  48	 2944	 998.872	 860.886	 103.856	 2.351	 101.321	 -130.409
   1	 1716	 919.279	 984.153	 131.284	 2.465	 108.254	 -130.416
  40	 1237	 952.899	 959.436	 159.180	 2.211	 103.877	 -130.433
  47	 3784	 921.318	 886.139	 148.093	 2.055	 101.285	 -130.436
  30	  809	 904.326	 969.507	 143.058	 2.299	 106.088	 -130.450
   0	 2189	 995.055	 852.456	 123.330	 1.860	 105.858	 -130.467
  44	  485	 811.647	 932.516	 132.774	 2.563	 100.274	 -130.493
   7	 3228	 960.073	 957.615	 113.159	 2.805	 104.193	 -130.524
  26	  589	 934.963	 981.949	 118.714	 2.047	 107.899	 -130.567
  46	 3519	 944.564	 984.488	 102.849	 2.987	 100.875	 -130.587
  18	 2534	 990.061	 949.863	 127.711	 1.680	 104.405	 -130.599
   4	 2187	 923.614	 914.734	 137.906	 2.593	 103.435	 -130.630
  36	 2279	 891.478	 963.687	 133.843	 2.154	 105.727	 -130.648
   7	 3959	 832.251	 934.073	 137.429	 2.596	 101.631	 -130.670
  31	 3690	 926.520	 989.881	 152.088	 2.319	 107.125	 -130.687
  13	 1348	 801.097	 986.658	 150.927	 2.876	 101.536	 -130.738
  42	 2442	 962.304	 947.972	 139.054	 2.273	 109.256	 -130.795
   8	 1483	 899.583	 966.739	 113.007	 2.936	 102.181	 -130.816
   1	 1192	 910.160	 910.209	 151.567	 2.115	 102.602	 -130.890
  26	 3833	 895.993	 951.331	 159.844	 2.520	 102.446	 -130.987
  26	  988	 907.284	 978.624	 150.200	 3.209	 100.392	 -131.008
  48	 2769	 953.316	 790.495	 128.273	 1.767	 100.904	 -131.038
  31	 3500	 981.464	 971.329	 141.231	 1.826	 109.087	 -131.135
   0	 3572	 921.617	 978.261	 133.675	 3.178	 102.894	 -131.153
  46	 3810	 938.564	 885.528	 106.379	 1.849	 100.210	 -131.332
   1	 2045	 940.844	 997.938	 114.082	 3.056	 105.478	 -131.359
   0	 2791	 895.201	 957.144	 156.968	 2.826	 102.303	 -131.398
  40	 1847	 937.698	 972.521	 134.653	 2.130	 111.550	 -131.399
  18	 3368	 808.972	 915.261	 149.093	 2.387	 100.543	 -131.417
  36	 1100	 931.714	 960.083	 129.373	 2.745	 107.551	 -131.472
   0	 2178	 991.116	 809.281	 121.618	 1.792	 106.314	 -131.580
   8	 2644	 977.541	 937.947	 143.525	 2.813	 104.941	 -131.605
  16	 2137	 972.748	 983.586	 112.708	 2.786	 109.468	 -131.805
  47	 3429	 820.159	 938.804	 125.527	 2.749	 103.070	 -131.857
   4	 3946	 950.507	 828.554	 146.465	 1.937	 103.976	 -131.877
  36	 2309	 892.767	 976.548	 109.190	 2.051	 105.586	 -132.200
  20	  846	 775.254	 942.061	 144.410	 2.261	 101.870	 -132.577
  18	  661	 913.180	 824.669	 123.407	 1.893	 104.525	 -132.630
  18	  420	 924.760	 918.820	 149.974	 1.887	 106.835	 -132.644
   7	 2869	 924.080	 921.282	 150.058	 2.082	 109.351	 -132.763
  18	 1981	 953.128	 792.304	 141.711	 1.705	 104.798	 -133.081
   1	 1271	 938.860	 966.742	 173.884	 2.142	 106.095	 -133.167
  26	 1641	 873.543	 936.343	 113.827	 1.938	 104.612	 -133.171
  13	 3661	 864.654	 975.502	 129.437	 2.809	 110.051	 -133.264
   7	 2517	 963.918	 912.297	 149.913	 2.395	 111.033	 -133.454
  13	  388	 712.861	 937.900	 139.977	 2.351	 100.351	 -133.658
   6	  474	 943.148	 843.610	 171.246	 2.113	 102.474	 -133.697
  46	 3332	 908.153	 839.024	 103.318	 2.244	 103.064	 -133.702
  39	 1122	 944.618	 826.241	 166.465	 2.378	 101.801	 -133.854
  29	 3944	 934.579	 957.998	 135.602	 2.534	 115.669	 -133.982
  16	 1419	 811.467	 822.919	 124.929	 2.058	 101.361	 -134.069
   5	 1440	 798.004	 943.347	 108.487	 2.698	 103.375	 -134.082
  31	 2377	 837.560	 887.690	 133.484	 2.797	 105.527	 -134.116
  41	 1422	 823.573	 851.800	 126.140	 1.871	 101.666	 -134.459
  44	 3393	 931.114	 978.221	 106.911	 3.018	 109.802	 -134.630
   1	 1278	 993.308	 963.481	 191.605	 1.931	 110.435	 -137.239
  13	  364	 554.816	 983.852	 145.855	 3.115	 102.564	 -137.362
  40	  308	 645.337	 812.861	 166.868	 2.170	 100.442	 -139.797
  40	  306	 645.337	 812.861	 166.868	 2.170	 100.442	 -139.797
  40	  289	 648.470	 817.072	 166.168	 2.128	 100.366	 -139.862
  42	  312	 589.885	 885.838	 129.801	 3.894	 101.963	 -140.142
  16	  337	 522.906	 917.048	 156.051	 4.138	 102.287	 -140.388
  41	  345	 545.217	 845.392	 130.989	 3.851	 102.021	 -142.409
   4	  277	 524.078	 936.367	 159.161	 4.564	 106.961	 -144.036
  30	  305	 530.881	 782.630	 152.537	 3.032	 104.270	 -144.356
  39	  363	 563.369	 688.054	 136.472	 2.367	 102.284	 -145.861
  36	  261	 439.008	 776.183	 203.154	 3.863	 101.869	 -148.927
  39	  352	 578.110	 614.168	 118.659	 2.370	 103.076	 -149.168
   4	  241	 460.624	 855.528	 160.293	 4.723	 107.470	 -149.337
  37	  299	 479.118	 505.206	 168.897	 3.310	 110.846	 -162.479
  36	  231	 455.431	 623.810	 192.654	 3.544	 119.182	 -165.395
  48	  206	 608.563	 318.137	 150.562	 4.146	 100.345	 -170.129
  18	  165	 553.919	 461.256	 148.871	 6.054	 101.587	 -170.420
  41	  152	 432.465	 353.219	 200.268	 6.415	 101.927	 -180.197
  44	   28	 178.285	 385.070	 132.537	 7.082	 112.294	 -216.520
  29	  143	 534.335	 438.283	 399.863	 4.999	 135.072	 -227.994
   7	  114	 439.069	 366.935	 303.743	 2.103	 246.917	 -255.110
  20	   82	 442.515	 363.334	 204.160	 5.022	 239.636	 -293.327
  13	   96	 280.906	 303.211	 216.943	 3.342	 242.161	 -296.042
   5	  118	 424.097	 134.480	 315.673	 0.613	 398.573	 -310.000
  32	  566	 376.025	 93.935	 -91.350	 -127.757	 422.214	 -inf
   9	   71	 278.477	 4.457	 208.591	 256.578	 352.884	 -inf
  28	 1255	 152.463	 147.761	 47.811	 129.453	 312.684	 -inf
  21	 3904	 180.978	 55.126	 82.755	 -5.749	 593.917	 -inf
  33	 1105	 311.584	 131.027	 -59.425	 27.123	 661.336	 -inf
  14	  416	 228.268	 17.390	 212.108	 145.612	 429.416	 -inf
  49	 3690	 -23.709	 -10.771	 148.228	 -121.939	 505.712	 -inf
  28	 3297	 152.463	 147.761	 47.811	 129.453	 312.684	 -inf
  38	 1878	 83.983	 235.011	 116.872	 88.654	 414.854	 -inf
  45	 2742	 59.767	 145.112	 80.508	 101.541	 388.513	 -inf
  27	  252	 182.454	 6.609	 96.698	 -92.656	 676.796	 -inf
  22	  694	 5.668	 135.249	 126.356	 122.781	 551.507	 -inf
  49	  628	 -23.709	 -10.771	 148.228	 -121.939	 505.712	 -inf
  23	 2474	 -78.253	 158.465	 182.427	 52.186	 453.133	 -inf
   3	 2825	 226.247	 127.650	 76.673	 133.600	 654.336	 -inf
  19	 3249	 182.582	 146.116	 32.402	 151.013	 592.002	 -inf
  10	 3184	 116.983	 11.942	 122.090	 212.285	 501.335	 -inf
  15	  940	 319.269	 76.206	 265.529	 93.817	 612.233	 -inf
  12	 1304	 338.878	 33.866	 453.086	 132.458	 565.458	 -inf
   9	 1183	 278.477	 4.457	 208.591	 256.578	 352.884	 -inf
  33	  916	 311.584	 131.027	 -59.425	 27.123	 661.336	 -inf
  32	 2091	 376.025	 93.935	 -91.350	 -127.757	 422.214	 -inf
  19	  568	 182.582	 146.116	 32.402	 151.013	 592.002	 -inf
  24	 3641	 285.328	 58.697	 333.472	 106.438	 713.783	 -inf
  48	   49	 158.515	 145.195	 -7.916	 -32.863	 552.888	 -inf
  24	 3782	 285.328	 58.697	 333.472	 106.438	 713.783	 -inf
  28	    3	 152.463	 147.761	 47.811	 129.453	 312.684	 -inf
  32	 3503	 376.025	 93.935	 -91.350	 -127.757	 422.214	 -inf
  14	 2072	 228.268	 17.390	 212.108	 145.612	 429.416	 -inf
  23	 3496	 -78.253	 158.465	 182.427	 52.186	 453.133	 -inf
  15	 1756	 319.269	 76.206	 265.529	 93.817	 612.233	 -inf
  32	  896	 376.025	 93.935	 -91.350	 -127.757	 422.214	 -inf
  49	 3169	 -23.709	 -10.771	 148.228	 -121.939	 505.712	 -inf
  24	 3335	 285.328	 58.697	 333.472	 106.438	 713.783	 -inf
  27	  960	 182.454	 6.609	 96.698	 -92.656	 676.796	 -inf
  45	 2112	 59.767	 145.112	 80.508	 101.541	 388.513	 -inf
  43	 3582	 376.534	 187.097	 99.154	 127.742	 488.123	 -inf
  37	  209	 303.369	 180.884	 328.975	 95.128	 331.594	 -inf
  23	  740	 -78.253	 158.465	 182.427	 52.186	 453.133	 -inf
  47	  317	 370.459	 204.009	 58.156	 39.466	 563.020	 -inf
  25	 3068	 121.447	 -75.593	 221.479	 135.270	 503.536	 -inf
  34	 3516	 162.520	 25.003	 355.462	 55.341	 452.084	 -inf
  12	 3668	 338.878	 33.866	 453.086	 132.458	 565.458	 -inf
  43	 2829	 376.534	 187.097	 99.154	 127.742	 488.123	 -inf
  34	 2823	 162.520	 25.003	 355.462	 55.341	 452.084	 -inf
  45	  172	 59.767	 145.112	 80.508	 101.541	 388.513	 -inf
  27	 1259	 182.454	 6.609	 96.698	 -92.656	 676.796	 -inf
  12	 2057	 338.878	 33.866	 453.086	 132.458	 565.458	 -inf
   2	 1552	 279.503	 62.556	 163.405	 170.205	 528.475	 -inf
  23	 3529	 -78.253	 158.465	 182.427	 52.186	 453.133	 -inf
  32	 3087	 376.025	 93.935	 -91.350	 -127.757	 422.214	 -inf
  35	 3385	 235.017	 101.716	 107.086	 170.846	 611.570	 -inf
  32	 2708	 376.025	 93.935	 -91.350	 -127.757	 422.214	 -inf
  22	 3850	 5.668	 135.249	 126.356	 122.781	 551.507	 -inf
  28	 3577	 152.463	 147.761	 47.811	 129.453	 312.684	 -inf
  35	 2346	 235.017	 101.716	 107.086	 170.846	 611.570	 -inf
  49	  877	 -23.709	 -10.771	 148.228	 -121.939	 505.712	 -inf
  19	 2788	 182.582	 146.116	 32.402	 151.013	 592.002	 -inf
  17	 1421	 5.741	 -150.644	 -61.416	 8.836	 627.853	 -inf
  10	 2759	 116.983	 11.942	 122.090	 212.285	 501.335	 -inf
  35	  836	 235.017	 101.716	 107.086	 170.846	 611.570	 -inf
  22	 1630	 5.668	 135.249	 126.356	 122.781	 551.507	 -inf
  19	 2356	 182.582	 146.116	 32.402	 151.013	 592.002	 -inf
  49	 1675	 -23.709	 -10.771	 148.228	 -121.939	 505.712	 -inf
  25	 1064	 121.447	 -75.593	 221.479	 135.270	 503.536	 -inf
  17	 3757	 5.741	 -150.644	 -61.416	 8.836	 627.853	 -inf
  22	  327	 5.668	 135.249	 126.356	 122.781	 551.507	 -inf
  17	 1595	 5.741	 -150.644	 -61.416	 8.836	 627.853	 -inf
  15	 3052	 319.269	 76.206	 265.529	 93.817	 612.233	 -inf
  28	 2680	 152.463	 147.761	 47.811	 129.453	 312.684	 -inf
   3	 1681	 226.247	 127.650	 76.673	 133.600	 654.336	 -inf
  11	 3690	 130.531	 162.180	 90.020	 162.341	 530.527	 -inf
   0	  243	 -79.308	 293.753	 186.633	 -54.459	 705.117	 -inf
  22	 1881	 5.668	 135.249	 126.356	 122.781	 551.507	 -inf
  19	  527	 182.582	 146.116	 32.402	 151.013	 592.002	 -inf
  43	 3882	 376.534	 187.097	 99.154	 127.742	 488.123	 -inf
   2	 2835	 279.503	 62.556	 163.405	 170.205	 528.475	 -inf
  25	 1732	 121.447	 -75.593	 221.479	 135.270	 503.536	 -inf
  28	  393	 152.463	 147.761	 47.811	 129.453	 312.684	 -inf
  14	  416	 228.268	 17.390	 212.108	 145.612	 429.416	 -inf
  15	 3654	 319.269	 76.206	 265.529	 93.817	 612.233	 -inf
   2	  147	 279.503	 62.556	 163.405	 170.205	 528.475	 -inf
  34	   18	 162.520	 25.003	 355.462	 55.341	 452.084	 -inf
  38	 1812	 83.983	 235.011	 116.872	 88.654	 414.854	 -inf
  14	 2147	 228.268	 17.390	 212.108	 145.612	 429.416	 -inf
   3	 1058	 226.247	 127.650	 76.673	 133.600	 654.336	 -inf
  43	 2173	 376.534	 187.097	 99.154	 127.742	 488.123	 -inf
  43	 3268	 376.534	 187.097	 99.154	 127.742	 488.123	 -inf
  21	 2864	 180.978	 55.126	 82.755	 -5.749	 593.917	 -inf
  23	 1476	 -78.253	 158.465	 182.427	 52.186	 453.133	 -inf
  34	  210	 162.520	 25.003	 355.462	 55.341	 452.084	 -inf
  17	 1857	 5.741	 -150.644	 -61.416	 8.836	 627.853	 -inf
  34	 2150	 162.520	 25.003	 355.462	 55.341	 452.084	 -inf
  17	   83	 5.741	 -150.644	 -61.416	 8.836	 627.853	 -inf
  33	 1631	 311.584	 131.027	 -59.425	 27.123	 661.336	 -inf
  14	 3906	 228.268	 17.390	 212.108	 145.612	 429.416	 -inf
  24	 1378	 285.328	 58.697	 333.472	 106.438	 713.783	 -inf
  34	 2133	 162.520	 25.003	 355.462	 55.341	 452.084	 -inf
  11	  927	 130.531	 162.180	 90.020	 162.341	 530.527	 -inf
  24	  744	 285.328	 58.697	 333.472	 106.438	 713.783	 -inf
  24	 1395	 285.328	 58.697	 333.472	 106.438	 713.783	 -inf
  28	 1396	 152.463	 147.761	 47.811	 129.453	 312.684	 -inf
  25	  870	 121.447	 -75.593	 221.479	 135.270	 503.536	 -inf
  34	 2591	 162.520	 25.003	 355.462	 55.341	 452.084	 -inf
  34	 2825	 162.520	 25.003	 355.462	 55.341	 452.084	 -inf
  25	 3732	 121.447	 -75.593	 221.479	 135.270	 503.536	 -inf
   9	 1403	 278.477	 4.457	 208.591	 256.578	 352.884	 -inf
  45	 2315	 59.767	 145.112	 80.508	 101.541	 388.513	 -inf
  15	 2465	 319.269	 76.206	 265.529	 93.817	 612.233	 -inf
  10	 3346	 116.983	 11.942	 122.090	 212.285	 501.335	 -inf
  33	 3136	 311.584	 131.027	 -59.425	 27.123	 661.336	 -inf
  38	 3718	 83.983	 235.011	 116.872	 88.654	 414.854	 -inf
  22	 2764	 5.668	 135.249	 126.356	 122.781	 551.507	 -inf
  38	 2919	 83.983	 235.011	 116.872	 88.654	 414.854	 -inf
  21	  198	 180.978	 55.126	 82.755	 -5.749	 593.917	 -inf
  14	 1071	 228.268	 17.390	 212.108	 145.612	 429.416	 -inf
  33	 1574	 311.584	 131.027	 -59.425	 27.123	 661.336	 -inf
  32	 2327	 376.025	 93.935	 -91.350	 -127.757	 422.214	 -inf
  12	  534	 338.878	 33.866	 453.086	 132.458	 565.458	 -inf
  10	  570	 116.983	 11.942	 122.090	 212.285	 501.335	 -inf
  23	  636	 -78.253	 158.465	 182.427	 52.186	 453.133	 -inf
  38	  810	 83.983	 235.011	 116.872	 88.654	 414.854	 -inf
  33	 2798	 311.584	 131.027	 -59.425	 27.123	 661.336	 -inf
  43	 3316	 376.534	 187.097	 99.154	 127.742	 488.123	 -inf
  23	 1324	 -78.253	 158.465	 182.427	 52.186	 453.133	 -inf
  23	 2970	 -78.253	 158.465	 182.427	 52.186	 453.133	 -inf
  10	 1377	 116.983	 11.942	 122.090	 212.285	 501.335	 -inf
  19	 2346	 182.582	 146.116	 32.402	 151.013	 592.002	 -inf
   3	 2313	 226.247	 127.650	 76.673	 133.600	 654.336	 -inf
  15	   37	 319.269	 76.206	 265.529	 93.817	 612.233	 -inf
  49	  650	 -23.709	 -10.771	 148.228	 -121.939	 505.712	 -inf
  22	 3734	 5.668	 135.249	 126.356	 122.781	 551.507	 -inf
  34	 3258	 162.520	 25.003	 355.462	 55.341	 452.084	 -inf
  32	 3445	 376.025	 93.935	 -91.350	 -127.757	 422.214	 -inf
  12	 1034	 338.878	 33.866	 453.086	 132.458	 565.458	 -inf
  34	 2952	 162.520	 25.003	 355.462	 55.341	 452.084	 -inf
   9	 2704	 278.477	 4.457	 208.591	 256.578	 352.884	 -inf
   3	 3123	 226.247	 127.650	 76.673	 133.600	 654.336	 -inf
  34	  588	 162.520	 25.003	 355.462	 55.341	 452.084	 -inf
  17	 1592	 5.741	 -150.644	 -61.416	 8.836	 627.853	 -inf
  25	 1188	 121.447	 -75.593	 221.479	 135.270	 503.536	 -inf
  10	 2627	 116.983	 11.942	 122.090	 212.285	 501.335	 -inf
   9	 1521	 278.477	 4.457	 208.591	 256.578	 352.884	 -inf
   3	 1719	 226.247	 127.650	 76.673	 133.600	 654.336	 -inf
  35	 3267	 235.017	 101.716	 107.086	 170.846	 611.570	 -inf
  24	 1438	 285.328	 58.697	 333.472	 106.438	 713.783	 -inf
   0	  379	 -79.308	 293.753	 186.633	 -54.459	 705.117	 -inf
  17	  128	 5.741	 -150.644	 -61.416	 8.836	 627.853	 -inf
   6	  174	 209.543	 192.145	 156.075	 71.112	 501.653	 -inf
  35	 2310	 235.017	 101.716	 107.086	 170.846	 611.570	 -inf
   9	 3040	 278.477	 4.457	 208.591	 256.578	 352.884	 -inf
  21	 3137	 180.978	 55.126	 82.755	 -5.749	 593.917	 -inf
  23	 1669	 -78.253	 158.465	 182.427	 52.186	 453.133	 -inf
  22	 3750	 5.668	 135.249	 126.356	 122.781	 551.507	 -inf
  10	 2482	 116.983	 11.942	 122.090	 212.285	 501.335	 -inf
  33	 3902	 311.584	 131.027	 -59.425	 27.123	 661.336	 -inf
  11	  409	 130.531	 162.180	 90.020	 162.341	 530.527	 -inf
  12	 1966	 338.878	 33.866	 453.086	 132.458	 565.458	 -inf
  35	 2055	 235.017	 101.716	 107.086	 170.846	 611.570	 -inf
  24	 3997	 285.328	 58.697	 333.472	 106.438	 713.783	 -inf
  38	 3643	 83.983	 235.011	 116.872	 88.654	 414.854	 -inf
  35	 2878	 235.017	 101.716	 107.086	 170.846	 611.570	 -inf
  32	 1192	 376.025	 93.935	 -91.350	 -127.757	 422.214	 -inf
  19	  193	 182.582	 146.116	 32.402	 151.013	 592.002	 -inf
  14	 2181	 228.268	 17.390	 212.108	 145.612	 429.416	 -inf
  35	 2589	 235.017	 101.716	 107.086	 170.846	 611.570	 -inf
  35	 1954	 235.017	 101.716	 107.086	 170.846	 611.570	 -inf
  17	 2704	 5.741	 -150.644	 -61.416	 8.836	 627.853	 -inf
  45	   22	 59.767	 145.112	 80.508	 101.541	 388.513	 -inf
  28	 3356	 152.463	 147.761	 47.811	 129.453	 312.684	 -inf
  28	 3999	 152.463	 147.761	 47.811	 129.453	 312.684	 -inf
  45	 1276	 59.767	 145.112	 80.508	 101.541	 388.513	 -inf
  19	 2046	 182.582	 146.116	 32.402	 151.013	 592.002	 -inf
  12	  160	 338.878	 33.866	 453.086	 132.458	 565.458	 -inf
  28	 3520	 152.463	 147.761	 47.811	 129.453	 312.684	 -inf
  47	   12	 370.459	 204.009	 58.156	 39.466	 563.020	 -inf
   9	 2099	 278.477	 4.457	 208.591	 256.578	 352.884	 -inf
  14	 3416	 228.268	 17.390	 212.108	 145.612	 429.416	 -inf
  38	 2388	 83.983	 235.011	 116.872	 88.654	 414.854	 -inf
  49	 2700	 -23.709	 -10.771	 148.228	 -121.939	 505.712	 -inf
  49	 2302	 -23.709	 -10.771	 148.228	 -121.939	 505.712	 -inf
  43	  423	 376.534	 187.097	 99.154	 127.742	 488.123	 -inf
  32	 2101	 376.025	 93.935	 -91.350	 -127.757	 422.214	 -inf
  43	 2524	 376.534	 187.097	 99.154	 127.742	 488.123	 -inf
  32	  595	 376.025	 93.935	 -91.350	 -127.757	 422.214	 -inf
   3	 1237	 226.247	 127.650	 76.673	 133.600	 654.336	 -inf
  12	 1776	 338.878	 33.866	 453.086	 132.458	 565.458	 -inf
  28	  163	 152.463	 147.761	 47.811	 129.453	 312.684	 -inf
  22	 2923	 5.668	 135.249	 126.356	 122.781	 551.507	 -inf
  17	 1254	 5.741	 -150.644	 -61.416	 8.836	 627.853	 -inf
  33	  813	 311.584	 131.027	 -59.425	 27.123	 661.336	 -inf
  33	 1051	 311.584	 131.027	 -59.425	 27.123	 661.336	 -inf
  12	   15	 338.878	 33.866	 453.086	 132.458	 565.458	 -inf
   2	  642	 279.503	 62.556	 163.405	 170.205	 528.475	 -inf
   3	 2535	 226.247	 127.650	 76.673	 133.600	 654.336	 -inf
  12	 3620	 338.878	 33.866	 453.086	 132.458	 565.458	 -inf
  28	 3557	 152.463	 147.761	 47.811	 129.453	 312.684	 -inf
  25	  571	 121.447	 -75.593	 221.479	 135.270	 503.536	 -inf
  45	 2961	 59.767	 145.112	 80.508	 101.541	 388.513	 -inf
  23	  529	 -78.253	 158.465	 182.427	 52.186	 453.133	 -inf
  28	 2088	 152.463	 147.761	 47.811	 129.453	 312.684	 -inf
  17	 3118	 5.741	 -150.644	 -61.416	 8.836	 627.853	 -inf
   9	 2122	 278.477	 4.457	 208.591	 256.578	 352.884	 -inf
   3	 3917	 226.247	 127.650	 76.673	 133.600	 654.336	 -inf
  33	 3581	 311.584	 131.027	 -59.425	 27.123	 661.336	 -inf
  23	  900	 -78.253	 158.465	 182.427	 52.186	 453.133	 -inf
  17	   35	 5.741	 -150.644	 -61.416	 8.836	 627.853	 -inf
  11	  755	 130.531	 162.180	 90.020	 162.341	 530.527	 -inf
  23	  389	 -78.253	 158.465	 182.427	 52.186	 453.133	 -inf
  12	 3984	 338.878	 33.866	 453.086	 132.458	 565.458	 -inf
   3	 2089	 226.247	 127.650	 76.673	 133.600	 654.336	 -inf
  21	   91	 180.978	 55.126	 82.755	 -5.749	 593.917	 -inf
  33	 3492	 311.584	 131.027	 -59.425	 27.123	 661.336	 -inf
  23	 3639	 -78.253	 158.465	 182.427	 52.186	 453.133	 -inf
  28	  814	 152.463	 147.761	 47.811	 129.453	 312.684	 -inf
  38	  707	 83.983	 235.011	 116.872	 88.654	 414.854	 -inf
  19	 1742	 182.582	 146.116	 32.402	 151.013	 592.002	 -inf
  19	 1209	 182.582	 146.116	 32.402	 151.013	 592.002	 -inf
  27	 2292	 182.454	 6.609	 96.698	 -92.656	 676.796	 -inf
  21	 2521	 180.978	 55.126	 82.755	 -5.749	 593.917	 -inf
  21	 3790	 180.978	 55.126	 82.755	 -5.749	 593.917	 -inf
  38	 3798	 83.983	 235.011	 116.872	 88.654	 414.854	 -inf
  34	 2572	 162.520	 25.003	 355.462	 55.341	 452.084	 -inf
  25	 3127	 121.447	 -75.593	 221.479	 135.270	 503.536	 -inf
   9	 2348	 278.477	 4.457	 208.591	 256.578	 352.884	 -inf
  43	 1659	 376.534	 187.097	 99.154	 127.742	 488.123	 -inf
  49	 2135	 -23.709	 -10.771	 148.228	 -121.939	 505.712	 -inf
  14	 3574	 228.268	 17.390	 212.108	 145.612	 429.416	 -inf
  14	 1961	 228.268	 17.390	 212.108	 145.612	 429.416	 -inf
  28	 3879	 152.463	 147.761	 47.811	 129.453	 312.684	 -inf
  11	 1743	 130.531	 162.180	 90.020	 162.341	 530.527	 -inf
  22	 3223	 5.668	 135.249	 126.356	 122.781	 551.507	 -inf
  43	 2496	 376.534	 187.097	 99.154	 127.742	 488.123	 -inf
  23	 2914	 -78.253	 158.465	 182.427	 52.186	 453.133	 -inf
  35	 3064	 235.017	 101.716	 107.086	 170.846	 611.570	 -inf
  15	 1086	 319.269	 76.206	 265.529	 93.817	 612.233	 -inf
  14	  128	 228.268	 17.390	 212.108	 145.612	 429.416	 -inf
  21	 3708	 180.978	 55.126	 82.755	 -5.749	 593.917	 -inf
  34	 1150	 162.520	 25.003	 355.462	 55.341	 452.084	 -inf
  28	  422	 152.463	 147.761	 47.811	 129.453	 312.684	 -inf
  19	  457	 182.582	 146.116	 32.402	 151.013	 592.002	 -inf
  32	  717	 376.025	 93.935	 -91.350	 -127.757	 422.214	 -inf
  22	 3462	 5.668	 135.249	 126.356	 122.781	 551.507	 -inf
   9	 2553	 278.477	 4.457	 208.591	 256.578	 352.884	 -inf
  19	 2896	 182.582	 146.116	 32.402	 151.013	 592.002	 -inf
   0	  690	 -79.308	 293.753	 186.633	 -54.459	 705.117	 -inf
  32	   37	 376.025	 93.935	 -91.350	 -127.757	 422.214	 -inf
