  16	 3888	 1056.090	 155.860	 287.170	 27.693	 131.214	 -28.934
  16	 2103	 1145.314	 153.697	 284.897	 20.954	 133.311	 -29.028
  10	 1984	 1067.920	 127.459	 289.870	 24.433	 123.332	 -29.035
   3	  787	 1136.026	 96.489	 275.507	 16.328	 125.999	 -29.038
  18	  408	 932.925	 125.375	 278.324	 28.165	 134.040	 -29.085
   1	 2360	 1154.439	 156.780	 279.131	 19.551	 131.783	 -29.117
   1	 3642	 856.743	 121.541	 293.912	 33.076	 130.753	 -29.127
  16	 4091	 878.260	 104.088	 274.263	 28.036	 125.402	 -29.156
   9	 3534	 856.890	 115.057	 274.844	 35.896	 126.464	 -29.165
   8	 2433	 911.764	 95.638	 273.865	 33.316	 125.202	 -29.176
   0	  690	 995.346	 103.909	 278.351	 16.375	 136.762	 -29.185
  24	 3334	 1122.358	 163.042	 291.174	 19.403	 140.296	 -29.285
  19	 2597	 937.572	 62.411	 284.683	 30.229	 123.920	 -29.328
  29	 3114	 832.268	 95.613	 272.512	 33.453	 121.910	 -29.329
  16	 3094	 1240.972	 106.113	 278.713	 17.968	 122.498	 -29.332
  23	 4440	 1171.309	 117.715	 299.815	 16.196	 138.747	 -29.338
   9	 4776	 1128.041	 84.039	 282.355	 15.860	 118.103	 -29.341
   8	 4927	 946.273	 100.212	 264.768	 33.425	 124.272	 -29.347
   0	 2923	 1001.791	 77.304	 311.680	 20.290	 125.997	 -29.376
  23	 3820	 1084.707	 117.228	 260.290	 21.978	 122.911	 -29.408
   1	 3147	 824.748	 93.047	 275.297	 50.469	 126.416	 -29.415
  12	 2495	 933.206	 70.184	 289.018	 32.285	 128.221	 -29.416
   4	 3209	 1196.141	 153.237	 282.699	 31.399	 127.337	 -29.420
  13	 1842	 1151.724	 154.069	 270.517	 19.259	 142.746	 -29.427
  12	  940	 1149.745	 151.674	 309.464	 21.128	 133.795	 -29.431
  18	 2952	 990.145	 126.766	 307.618	 32.890	 119.840	 -29.462
  26	 4497	 1004.023	 161.800	 264.971	 23.720	 139.428	 -29.463
  19	 4335	 1100.354	 82.279	 300.245	 21.325	 130.502	 -29.470
  14	 4566	 1157.621	 144.861	 299.399	 18.062	 142.522	 -29.477
  22	 1572	 987.594	 70.639	 278.824	 33.873	 122.058	 -29.478
  26	 1503	 714.972	 46.836	 287.115	 36.332	 127.152	 -29.480
  18	 1750	 1085.211	 125.113	 256.518	 27.485	 125.601	 -29.483
  23	 1522	 774.321	 85.033	 301.028	 40.735	 129.787	 -29.484
  23	 3328	 1121.319	 127.663	 313.006	 17.084	 129.978	 -29.487
  27	 3133	 936.336	 90.035	 306.315	 34.418	 124.398	 -29.497
   0	 4720	 995.269	 136.936	 319.040	 23.847	 125.558	 -29.511
  27	 3956	 1145.703	 183.072	 264.865	 20.138	 135.488	 -29.529
  14	 1757	 762.224	 73.038	 309.454	 34.994	 122.610	 -29.532
   7	 3348	 676.018	 19.237	 286.985	 66.251	 119.016	 -29.541
  28	 2589	 1009.365	 103.355	 306.222	 31.241	 128.759	 -29.553
   5	 3114	 964.128	 96.560	 261.921	 19.625	 138.574	 -29.557
   6	 2738	 812.042	 56.621	 301.056	 37.192	 127.798	 -29.567
  27	 3572	 641.829	 23.230	 276.515	 164.652	 121.129	 -29.582
  18	 2389	 815.645	 81.967	 298.254	 32.645	 134.990	 -29.584
  23	 2790	 978.227	 66.612	 262.921	 30.155	 124.541	 -29.588
  23	  999	 992.644	 94.401	 290.195	 42.750	 120.542	 -29.616
  10	 3525	 937.814	 72.840	 286.730	 38.223	 129.049	 -29.621
  16	 2237	 1276.516	 190.203	 259.278	 23.604	 127.835	 -29.624
  10	 1668	 877.918	 81.698	 301.301	 20.806	 140.583	 -29.635
  10	 2577	 578.116	 15.027	 281.483	 245.748	 125.410	 -29.635
   4	 3529	 717.103	 24.213	 274.637	 78.643	 123.652	 -29.636
   0	 3572	 669.953	 36.974	 295.517	 44.125	 118.022	 -29.640
  15	 3788	 1020.295	 106.187	 285.996	 28.867	 139.318	 -29.646
   6	 3856	 1128.989	 158.552	 279.845	 16.541	 128.850	 -29.646
   3	 1202	 1336.202	 213.862	 274.458	 23.110	 126.475	 -29.648
  15	 3046	 1131.208	 136.303	 262.291	 18.686	 122.216	 -29.654
  19	 4079	 584.070	 25.165	 300.980	 178.853	 123.088	 -29.660
  28	 4231	 919.258	 103.569	 319.415	 17.774	 131.169	 -29.664
  18	 1223	 962.334	 160.423	 286.779	 27.979	 115.345	 -29.665
  13	 4421	 966.342	 190.032	 290.791	 21.755	 135.009	 -29.666
   6	  869	 956.375	 97.322	 285.779	 33.587	 112.763	 -29.675
  15	 3896	 855.731	 141.849	 286.614	 29.620	 143.046	 -29.675
  19	 2438	 655.100	 10.343	 282.629	 165.452	 115.647	 -29.680
  27	 2717	 1025.225	 105.956	 285.165	 20.717	 146.238	 -29.682
   5	 3735	 836.448	 95.133	 273.553	 21.414	 138.011	 -29.689
  24	 1968	 761.653	 71.516	 305.593	 39.729	 116.162	 -29.695
  25	 3717	 758.361	 29.447	 274.071	 76.973	 117.363	 -29.701
  17	 1521	 1062.032	 131.193	 266.615	 35.833	 135.714	 -29.703
  17	 1522	 1062.032	 131.193	 266.615	 35.833	 135.714	 -29.703
  29	 3942	 670.012	 23.886	 303.329	 143.818	 122.057	 -29.708
  21	 3763	 715.173	 25.357	 297.772	 52.563	 115.545	 -29.710
  21	 2820	 1128.322	 94.919	 271.563	 33.127	 123.688	 -29.711
  25	 4192	 748.106	 34.297	 284.046	 125.120	 116.107	 -29.717
   8	  781	 1276.222	 185.259	 269.601	 26.635	 141.520	 -29.738
  20	 1188	 985.470	 65.533	 316.889	 20.010	 118.582	 -29.751
  12	 4674	 1089.659	 196.506	 259.371	 25.439	 144.115	 -29.754
   2	 3237	 1100.189	 161.244	 268.351	 17.995	 144.851	 -29.755
  26	 2813	 710.237	 36.089	 285.839	 133.339	 114.169	 -29.757
   5	 3029	 736.640	 37.013	 312.748	 34.839	 124.894	 -29.761
   0	 1200	 769.265	 19.026	 284.411	 244.214	 121.204	 -29.767
  26	 3252	 966.063	 93.518	 265.942	 41.648	 130.719	 -29.768
  24	 3506	 734.961	 103.850	 272.313	 41.309	 133.920	 -29.769
  13	  505	 612.064	 43.151	 275.569	 115.441	 116.727	 -29.782
   8	 2482	 1183.071	 193.728	 294.332	 17.795	 140.969	 -29.784
   2	 3671	 1135.198	 95.424	 303.839	 23.987	 132.223	 -29.789
  22	 2913	 590.956	 26.176	 294.981	 70.883	 128.514	 -29.789
  18	 4970	 1119.960	 103.892	 314.156	 22.577	 131.869	 -29.800
   4	 2807	 1110.722	 132.893	 289.644	 35.317	 134.901	 -29.806
  20	  571	 1112.388	 91.158	 305.558	 11.816	 147.138	 -29.809
  27	 3591	 715.104	 25.371	 270.578	 160.950	 125.634	 -29.812
  12	 2465	 840.374	 41.855	 268.328	 64.187	 120.140	 -29.821
  21	 3252	 887.213	 39.666	 298.379	 29.284	 129.560	 -29.832
  26	 4550	 1051.728	 152.545	 255.482	 22.901	 142.714	 -29.846
  15	 2842	 941.827	 63.447	 310.885	 20.802	 136.982	 -29.853
  14	 2165	 925.351	 82.816	 266.099	 57.628	 118.536	 -29.853
   3	 4227	 624.537	 13.411	 271.636	 95.225	 129.187	 -29.868
   5	 1103	 769.447	 27.608	 301.295	 93.223	 117.249	 -29.870
   0	   52	 888.340	 151.144	 262.207	 25.432	 125.667	 -29.873
   8	 3184	 800.658	 99.722	 255.430	 48.938	 124.085	 -29.874
  11	 1416	 1101.657	 84.349	 306.292	 20.977	 115.148	 -29.874
  11	 1416	 1101.657	 84.349	 306.292	 20.977	 115.148	 -29.874
   5	 1703	 783.129	 21.799	 285.706	 187.918	 123.602	 -29.875
  29	 3947	 813.322	 30.433	 287.454	 117.342	 121.144	 -29.875
  22	 2393	 768.479	 50.497	 295.440	 42.322	 112.047	 -29.878
  18	 1734	 1111.871	 157.820	 247.287	 27.239	 125.896	 -29.883
   6	 3878	 1465.403	 145.607	 280.477	 16.150	 132.984	 -29.899
  11	 2961	 665.457	 18.493	 262.284	 143.263	 124.691	 -29.901
  10	 2096	 785.847	 42.083	 267.473	 72.309	 115.111	 -29.902
  28	 2055	 735.328	 115.447	 317.714	 38.811	 132.407	 -29.904
  11	 4616	 555.043	 13.201	 300.637	 166.992	 116.907	 -29.907
  16	 2075	 1368.161	 232.185	 273.583	 20.419	 140.643	 -29.929
  27	 1231	 1397.477	 97.453	 258.119	 14.983	 135.250	 -29.934
   3	 1241	 1292.494	 187.959	 255.310	 20.067	 140.119	 -29.934
  11	 4416	 838.382	 55.919	 299.260	 73.047	 122.846	 -29.940
   0	 1046	 505.486	 18.335	 281.009	 261.207	 128.812	 -29.949
   4	 4115	 793.425	 51.929	 264.986	 50.420	 130.504	 -29.955
  24	 2804	 1027.674	 164.522	 277.980	 21.858	 117.248	 -29.960
  29	 2923	 762.158	 15.834	 276.165	 169.045	 112.377	 -29.974
  14	 2935	 736.885	 11.528	 303.089	 120.443	 113.646	 -29.980
   9	 4034	 752.556	 18.243	 303.643	 149.695	 114.976	 -29.983
   6	 1653	 733.060	 138.977	 303.923	 33.697	 136.704	 -29.984
  23	  520	 1142.794	 208.730	 290.832	 19.884	 149.771	 -29.986
  20	 4589	 616.526	 13.086	 291.958	 228.530	 112.035	 -29.993
  13	 4356	 1031.593	 133.909	 319.271	 36.038	 120.593	 -29.995
  25	 2068	 537.468	 25.632	 291.562	 95.630	 130.806	 -30.008
  27	 3823	 632.732	 73.589	 285.441	 44.334	 132.694	 -30.014
   3	 3628	 892.970	 159.904	 315.957	 24.040	 122.878	 -30.015
   7	   56	 772.356	 82.815	 263.130	 38.555	 115.631	 -30.021
   7	 3392	 521.263	 14.267	 303.729	 74.587	 126.119	 -30.036
  23	  895	 1158.071	 151.643	 278.361	 22.339	 151.362	 -30.037
  24	 3517	 751.126	 111.435	 266.421	 29.188	 131.889	 -30.042
  18	 3324	 626.352	 57.311	 281.846	 43.753	 132.893	 -30.043
  23	 4944	 942.242	 178.752	 279.586	 21.059	 127.595	 -30.047
  14	 3981	 1140.787	 140.836	 267.573	 32.366	 141.506	 -30.049
  23	 2565	 771.959	 107.001	 261.499	 35.543	 136.290	 -30.051
  26	 1186	 497.955	 21.894	 273.997	 200.702	 122.390	 -30.053
   8	 2759	 1005.432	 73.820	 319.969	 20.826	 135.618	 -30.054
   9	 4966	 927.401	 113.917	 325.428	 23.661	 139.971	 -30.056
  29	 3489	 915.521	 81.405	 318.211	 12.685	 126.871	 -30.058
  28	 2878	 1034.617	 141.382	 269.401	 18.598	 151.112	 -30.072
   1	 3336	 1431.974	 170.037	 275.122	 21.809	 120.995	 -30.074
   2	 3681	 1060.010	 91.038	 326.038	 18.497	 118.894	 -30.081
   2	 2106	 830.138	 33.035	 263.118	 115.760	 121.601	 -30.082
   4	  931	 1409.407	 146.347	 270.740	 13.669	 144.864	 -30.083
   9	  743	 897.627	 15.750	 272.711	 71.808	 118.168	 -30.094
  19	 2479	 933.026	 148.072	 296.408	 17.788	 143.370	 -30.094
  14	  704	 1115.184	 129.660	 252.896	 38.088	 131.315	 -30.095
  19	 4997	 753.077	 42.134	 280.577	 98.530	 131.399	 -30.102
  21	  790	 1034.340	 101.833	 287.845	 25.713	 109.295	 -30.105
   2	 3882	 768.727	 31.671	 300.359	 78.631	 111.279	 -30.108
  24	 2676	 1273.586	 152.352	 267.320	 22.376	 114.711	 -30.111
   0	 2189	 807.107	 60.840	 281.955	 25.529	 142.068	 -30.112
  15	  655	 1063.457	 95.357	 326.574	 14.628	 141.937	 -30.116
   4	 3495	 824.642	 19.563	 278.799	 54.389	 129.602	 -30.117
  25	 2690	 946.991	 89.435	 296.746	 45.286	 133.382	 -30.119
  25	 3896	 1261.455	 95.768	 284.389	 24.254	 134.214	 -30.121
  20	 3127	 726.300	 130.260	 291.107	 31.673	 138.790	 -30.123
  24	 4686	 854.322	 80.845	 280.142	 39.082	 139.882	 -30.129
  26	 1445	 668.012	 59.364	 322.325	 34.440	 127.848	 -30.146
  11	 4565	 757.158	 13.705	 292.750	 130.425	 109.979	 -30.149
   3	 4192	 752.153	 42.493	 311.859	 78.314	 126.732	 -30.157
  13	 3128	 786.065	 44.597	 268.678	 87.992	 111.242	 -30.162
   6	 2071	 763.558	 27.971	 261.963	 158.896	 127.119	 -30.164
  21	 4713	 879.994	 117.965	 246.433	 40.893	 123.024	 -30.166
   8	 1863	 709.405	 48.346	 289.872	 76.777	 134.509	 -30.177
  27	 3150	 1128.058	 89.285	 322.167	 16.691	 139.517	 -30.189
  11	 4574	 748.938	 11.753	 291.736	 135.681	 109.346	 -30.191
  10	 4561	 859.310	 11.456	 281.970	 193.597	 112.264	 -30.198
  19	 4437	 683.754	 18.279	 295.761	 103.961	 133.107	 -30.207
   5	 3904	 860.628	 38.624	 268.151	 40.869	 110.393	 -30.211
   6	 4253	 935.575	 24.793	 271.508	 53.281	 114.201	 -30.213
   7	 3704	 818.617	 121.578	 306.874	 37.052	 143.244	 -30.219
  15	  597	 867.581	 119.582	 303.101	 38.702	 142.926	 -30.226
  24	 2413	 1055.121	 104.580	 311.777	 38.837	 125.612	 -30.228
  18	 4474	 577.222	 38.449	 309.397	 98.734	 113.587	 -30.236
  21	  832	 1189.418	 202.491	 275.530	 18.203	 124.743	 -30.239
  22	  714	 628.059	 35.013	 254.004	 88.208	 122.300	 -30.249
   6	 1077	 980.824	 111.337	 319.878	 30.398	 138.388	 -30.260
   8	 3437	 465.424	 14.522	 304.722	 240.627	 125.900	 -30.262
  27	  902	 928.093	 53.187	 262.705	 46.554	 111.764	 -30.286
  12	 3052	 1077.400	 218.622	 318.406	 21.862	 126.158	 -30.295
  22	  969	 752.954	 125.509	 328.999	 29.590	 128.442	 -30.305
  26	   91	 860.810	 127.564	 290.611	 18.773	 146.224	 -30.311
  26	 1246	 1263.717	 100.751	 241.447	 18.510	 126.971	 -30.321
  15	 3356	 1306.024	 165.638	 302.756	 26.949	 138.099	 -30.321
   9	 3015	 887.319	 10.178	 259.975	 124.856	 118.781	 -30.322
  11	 1128	 1097.648	 137.275	 325.037	 32.914	 126.267	 -30.335
  12	 1608	 941.973	 12.515	 272.142	 92.498	 120.142	 -30.339
  17	 3327	 821.298	 36.903	 271.540	 31.041	 138.097	 -30.342
  16	  645	 932.060	 127.317	 328.107	 36.556	 135.152	 -30.345
  29	 1821	 745.962	 48.584	 319.741	 21.245	 137.847	 -30.350
   8	 1223	 1071.063	 48.725	 247.371	 21.847	 129.416	 -30.361
  22	 2814	 759.056	 76.640	 314.185	 59.990	 133.815	 -30.375
  29	 3299	 622.488	 12.645	 327.647	 98.601	 125.788	 -30.380
   7	 2403	 668.710	 10.596	 286.197	 117.244	 135.913	 -30.387
  23	 1990	 492.417	 35.483	 317.429	 132.298	 127.424	 -30.401
  25	 1377	 649.404	 50.295	 325.083	 41.617	 116.364	 -30.402
  27	 2150	 651.465	 59.234	 282.266	 32.585	 115.103	 -30.404
   6	 4644	 502.880	 12.928	 319.974	 120.484	 121.581	 -30.407
   1	 4808	 914.737	 38.286	 296.512	 103.613	 116.243	 -30.411
  10	 2364	 581.506	 10.984	 259.110	 182.066	 132.430	 -30.414
  16	  846	 540.771	 60.257	 274.477	 57.853	 126.400	 -30.415
  10	 4575	 933.977	 18.466	 286.323	 167.538	 116.852	 -30.415
  13	 4592	 1113.655	 203.689	 287.813	 18.297	 153.471	 -30.417
  21	  980	 962.370	 35.478	 290.315	 73.488	 115.405	 -30.421
  23	 3600	 1421.071	 191.753	 292.128	 16.708	 125.199	 -30.430
  14	 4534	 1004.637	 82.441	 295.795	 18.252	 151.533	 -30.431
  14	 2661	 488.498	 33.294	 295.796	 89.702	 132.349	 -30.437
   7	 3309	 864.420	 16.367	 294.036	 68.288	 109.311	 -30.442
  15	  872	 900.412	 106.242	 329.236	 16.682	 141.970	 -30.449
  11	 1946	 614.661	 45.855	 301.907	 59.810	 110.675	 -30.452
   8	 1229	 1151.438	 59.601	 243.266	 20.248	 128.980	 -30.463
   2	 3719	 879.383	 51.962	 329.049	 34.503	 122.278	 -30.466
   6	 3464	 1085.152	 95.785	 297.082	 39.235	 133.493	 -30.476
  17	 2092	 1059.642	 87.513	 278.095	 30.133	 142.953	 -30.480
  26	 3051	 1527.464	 117.925	 280.859	 18.307	 122.818	 -30.481
  17	 3926	 579.205	 19.565	 303.179	 150.519	 136.307	 -30.482
  20	 3732	 1039.107	 177.957	 281.247	 24.888	 157.494	 -30.485
  25	 2540	 971.726	 49.874	 290.270	 86.155	 120.125	 -30.487
  22	 2163	 1007.577	 70.380	 329.604	 20.219	 136.013	 -30.501
   9	 3160	 792.832	 50.548	 292.355	 50.663	 137.982	 -30.502
   5	 1400	 726.547	 27.642	 312.918	 152.886	 129.726	 -30.511
   2	 3920	 494.819	 12.561	 274.336	 195.028	 115.697	 -30.514
  19	 2395	 508.396	 31.140	 319.392	 138.964	 131.206	 -30.524
   0	  243	 1020.356	 156.380	 301.836	 27.700	 153.239	 -30.525
  15	  368	 1022.225	 105.836	 273.965	 17.246	 156.298	 -30.530
  22	 4088	 849.366	 188.010	 273.257	 25.410	 146.709	 -30.530
  10	 3348	 1100.855	 123.524	 238.249	 25.859	 135.232	 -30.532
   2	 4825	 1249.026	 78.688	 286.312	 31.453	 119.176	 -30.533
   5	 2534	 1524.285	 226.630	 258.690	 22.008	 125.304	 -30.542
  21	  641	 849.121	 80.230	 253.594	 17.921	 120.938	 -30.547
   4	 3882	 696.678	 64.763	 327.356	 68.876	 112.789	 -30.549
   6	 3483	 1149.408	 131.723	 294.307	 36.036	 140.120	 -30.559
  23	  577	 1315.052	 205.033	 259.455	 18.613	 152.435	 -30.561
   5	 1776	 593.478	 50.810	 287.242	 57.428	 138.902	 -30.570
  11	 3072	 618.584	 14.627	 277.199	 169.653	 138.088	 -30.571
  16	  973	 1391.960	 80.510	 260.285	 18.636	 136.628	 -30.575
  12	 1371	 508.775	 43.629	 290.601	 83.523	 115.189	 -30.579
  15	 1193	 1223.694	 100.849	 331.011	 14.150	 122.824	 -30.581
  10	 3026	 455.476	 14.552	 293.207	 256.918	 135.215	 -30.591
  14	 1118	 1364.137	 123.888	 247.779	 15.341	 146.885	 -30.594
  18	 3476	 504.452	 12.018	 317.068	 205.789	 133.254	 -30.597
   9	 2690	 1256.503	 132.983	 312.901	 27.760	 117.807	 -30.597
  10	 1620	 819.268	 80.890	 308.481	 41.680	 140.902	 -30.608
   4	 4988	 492.498	 67.325	 281.931	 73.095	 126.199	 -30.617
  15	 2209	 693.297	 53.791	 320.756	 24.710	 138.499	 -30.621
  15	 2693	 491.539	 15.289	 324.124	 112.436	 127.528	 -30.622
  27	 3825	 543.816	 53.678	 288.811	 48.965	 134.557	 -30.622
  15	 2742	 645.451	 52.695	 284.999	 66.098	 140.159	 -30.622
  29	  883	 1327.296	 97.417	 326.213	 11.520	 136.059	 -30.628
  13	 3892	 824.493	 23.761	 301.227	 47.204	 133.630	 -30.632
   0	 3606	 954.613	 25.110	 264.280	 92.883	 111.697	 -30.632
  19	 4641	 734.191	 132.583	 307.170	 25.118	 126.800	 -30.637
  23	 3405	 1505.180	 173.126	 257.487	 14.102	 138.193	 -30.637
  21	 1993	 788.442	 27.555	 243.335	 40.297	 123.401	 -30.643
  17	 2014	 1032.537	 27.341	 269.649	 65.198	 114.701	 -30.644
  21	 1425	 1016.146	 67.773	 261.687	 17.012	 150.421	 -30.645
   7	 2889	 1496.378	 150.664	 305.847	 14.852	 135.535	 -30.658
  17	 1263	 790.253	 29.046	 319.858	 129.997	 123.928	 -30.661
  20	 1266	 1189.522	 118.626	 270.917	 35.699	 140.429	 -30.676
  15	 3346	 1327.515	 170.045	 309.430	 27.063	 138.394	 -30.680
  17	 1864	 944.909	 26.021	 252.108	 82.590	 117.787	 -30.682
  29	 3209	 1207.145	 85.094	 279.689	 43.957	 116.872	 -30.683
  15	 1063	 1145.112	 108.748	 298.789	 38.780	 110.741	 -30.685
   9	 3638	 515.748	 19.934	 284.328	 141.571	 111.336	 -30.698
   7	 2183	 756.064	 37.693	 323.103	 80.052	 110.657	 -30.707
  16	 2016	 1368.362	 203.694	 273.935	 19.259	 156.813	 -30.715
  23	 2583	 874.376	 147.824	 263.894	 22.614	 119.110	 -30.718
  22	 2003	 931.802	 38.629	 295.477	 78.444	 127.987	 -30.729
  22	  292	 930.363	 119.732	 244.358	 35.682	 114.136	 -30.732
   4	 1440	 771.932	 181.218	 295.660	 26.259	 141.633	 -30.743
  23	 1327	 928.798	 33.684	 267.517	 101.734	 108.616	 -30.743
   2	  835	 481.572	 28.266	 326.369	 128.218	 120.889	 -30.761
  18	 1850	 1472.099	 149.513	 251.595	 26.176	 119.313	 -30.766
  13	 4254	 981.500	 156.323	 325.230	 22.202	 151.976	 -30.769
   4	 4694	 919.327	 13.320	 258.703	 88.167	 128.586	 -30.786
  28	 4204	 1051.576	 92.715	 312.999	 12.552	 156.722	 -30.791
   7	 2521	 1354.715	 135.309	 319.229	 18.814	 120.919	 -30.791
   8	 2838	 1201.989	 148.445	 240.176	 24.896	 143.835	 -30.797
  17	 2137	 1098.513	 129.113	 318.043	 12.940	 152.610	 -30.798
  12	 4827	 708.537	 124.262	 255.023	 33.096	 131.120	 -30.798
  27	 4258	 1467.858	 188.353	 240.514	 22.492	 131.870	 -30.799
   5	 4507	 933.194	 122.014	 255.160	 20.633	 151.245	 -30.801
  16	 4198	 836.395	 121.800	 240.956	 29.539	 126.412	 -30.802
   0	 2994	 516.246	 12.657	 307.813	 95.286	 111.842	 -30.808
  28	 4855	 945.025	 23.188	 273.412	 170.104	 128.042	 -30.815
  11	 3181	 623.683	 33.770	 267.810	 134.679	 139.159	 -30.816
  13	  419	 647.040	 64.755	 244.511	 61.520	 123.596	 -30.838
  16	 1788	 1592.614	 218.776	 267.319	 16.424	 137.457	 -30.839
  28	 3064	 796.383	 25.343	 255.037	 55.504	 135.080	 -30.841
  12	 1086	 573.603	 46.181	 339.842	 83.847	 119.180	 -30.851
   8	 4755	 844.788	 35.438	 309.774	 116.968	 128.224	 -30.852
  19	 4782	 1127.248	 115.517	 320.493	 38.546	 118.954	 -30.854
   3	 1277	 1164.444	 214.324	 261.052	 17.015	 145.768	 -30.857
  17	 4881	 931.973	 55.170	 243.642	 52.261	 127.929	 -30.865
  26	 3631	 860.431	 52.355	 306.444	 76.913	 106.799	 -30.869
  11	 4906	 695.634	 79.290	 264.746	 45.860	 109.475	 -30.885
  25	 2500	 1055.399	 45.373	 268.346	 87.910	 123.683	 -30.886
   0	 3605	 1015.682	 26.745	 265.316	 72.335	 110.060	 -30.889
  25	 3595	 537.995	 43.403	 322.285	 78.413	 113.553	 -30.890
   6	  517	 1419.270	 151.446	 274.018	 11.588	 154.086	 -30.897
   6	 1959	 470.133	 12.827	 312.832	 199.488	 114.910	 -30.910
  28	  976	 765.817	 38.663	 251.540	 101.240	 109.363	 -30.915
   7	 1071	 788.936	 97.950	 282.497	 50.322	 104.247	 -30.935
  26	 1087	 444.086	 11.283	 257.400	 335.541	 128.288	 -30.939
   3	 2974	 1514.378	 200.953	 261.694	 16.299	 151.103	 -30.940
  15	 1527	 1422.932	 130.614	 317.675	 18.570	 127.711	 -30.947
  16	  805	 480.187	 39.873	 293.568	 50.929	 126.133	 -30.948
  12	 3654	 1348.369	 109.497	 237.379	 23.942	 130.289	 -30.969
  23	 1320	 896.249	 16.576	 263.735	 120.725	 106.463	 -30.975
   0	 2178	 667.855	 34.459	 289.422	 29.088	 144.517	 -30.986
  22	 3255	 1467.552	 135.946	 285.503	 13.932	 155.696	 -30.992
   1	 4159	 536.418	 25.600	 268.346	 107.122	 140.215	 -30.993
  10	 3717	 1077.460	 29.368	 263.292	 106.529	 116.448	 -31.011
  29	 4604	 1059.744	 21.661	 255.659	 84.443	 117.196	 -31.019
  19	 2378	 483.404	 53.399	 323.840	 76.784	 128.020	 -31.021
  20	 1732	 1074.495	 60.427	 256.884	 61.343	 110.819	 -31.023
  27	 1018	 702.850	 18.779	 239.187	 55.128	 126.362	 -31.030
  28	 2059	 622.106	 105.522	 324.239	 39.271	 136.889	 -31.036
  11	  661	 1244.710	 128.994	 329.507	 15.749	 117.606	 -31.064
  21	 3960	 738.784	 28.088	 246.490	 39.090	 111.406	 -31.075
  27	 3952	 1172.815	 213.914	 263.880	 15.916	 140.617	 -31.078
  18	  985	 1012.421	 53.311	 244.988	 25.684	 109.979	 -31.079
  27	 1588	 1068.263	 33.572	 284.746	 94.692	 121.922	 -31.088
  25	 3912	 1289.409	 66.531	 279.836	 33.257	 113.253	 -31.089
   7	 3099	 1484.609	 131.836	 262.257	 32.894	 128.541	 -31.091
   1	 1172	 997.606	 89.602	 231.204	 26.677	 129.910	 -31.097
  18	 4884	 1240.820	 126.999	 262.076	 11.537	 120.048	 -31.106
   1	 4443	 826.561	 29.301	 241.110	 54.088	 130.064	 -31.107
  13	 2948	 1575.537	 102.643	 261.712	 11.897	 115.177	 -31.109
   3	  917	 1288.680	 123.118	 231.169	 21.970	 125.954	 -31.110
  13	 4595	 1152.596	 225.209	 291.319	 16.879	 155.759	 -31.125
  18	 2699	 1685.365	 133.410	 253.588	 13.777	 142.305	 -31.125
  17	 2904	 760.853	 102.555	 321.121	 28.394	 148.171	 -31.125
   3	 3603	 524.852	 78.082	 281.903	 46.025	 127.301	 -31.132
  26	  101	 857.487	 161.816	 294.785	 17.842	 138.962	 -31.148
  25	 3037	 974.795	 122.942	 294.238	 13.425	 158.325	 -31.152
  25	 3566	 945.466	 39.439	 309.953	 93.752	 109.934	 -31.154
  26	 4798	 865.729	 22.328	 254.034	 217.824	 132.624	 -31.156
  28	 3385	 1344.716	 67.018	 266.094	 29.233	 129.769	 -31.158
  27	 1210	 1002.009	 60.133	 233.982	 33.884	 121.734	 -31.164
  17	 1791	 632.372	 64.134	 255.325	 71.309	 139.895	 -31.165
   9	 3307	 474.777	 23.008	 318.021	 157.707	 112.947	 -31.171
  21	 1166	 410.036	 27.529	 287.900	 97.631	 129.247	 -31.171
  18	 4101	 1081.370	 155.108	 350.294	 28.446	 127.276	 -31.175
   2	 3058	 917.262	 108.559	 326.884	 43.836	 107.395	 -31.179
   3	 3187	 961.497	 218.383	 304.833	 20.888	 122.274	 -31.182
   6	 3039	 724.463	 13.699	 336.025	 115.094	 127.726	 -31.194
  16	 3174	 542.454	 56.703	 330.218	 57.787	 115.913	 -31.196
  20	 1064	 968.178	 24.354	 245.962	 123.961	 124.666	 -31.197
  14	 1015	 1351.669	 107.746	 293.729	 33.238	 129.377	 -31.208
  22	 3396	 1151.912	 133.559	 231.703	 36.724	 130.389	 -31.231
  18	  175	 725.353	 78.530	 265.764	 17.481	 140.046	 -31.251
  23	  879	 1069.001	 156.955	 269.373	 14.310	 158.108	 -31.257
  13	 1354	 1021.278	 66.779	 285.806	 33.914	 144.397	 -31.263
  28	 1954	 729.834	 113.975	 301.937	 28.218	 151.280	 -31.264
  24	 1415	 753.243	 31.169	 337.282	 55.509	 109.707	 -31.277
  29	 2281	 1245.008	 181.615	 320.903	 19.301	 114.437	 -31.279
   4	 1758	 1563.161	 88.306	 248.737	 15.396	 115.215	 -31.300
  14	 3349	 1311.508	 76.290	 277.476	 42.878	 115.924	 -31.302
   2	 4313	 883.526	 160.917	 293.996	 16.530	 142.534	 -31.307
   4	 4474	 784.474	 22.755	 250.413	 44.815	 106.673	 -31.328
   3	 2571	 607.754	 68.846	 346.809	 50.965	 116.604	 -31.358
  18	 2636	 1475.247	 122.811	 250.582	 35.055	 126.185	 -31.362
  20	 4776	 758.673	 11.446	 321.198	 175.021	 133.772	 -31.363
  24	 3093	 1169.239	 158.346	 272.732	 15.626	 166.127	 -31.365
  22	 4680	 1097.900	 47.272	 301.666	 65.654	 119.697	 -31.365
  22	 2422	 604.046	 53.641	 280.664	 44.232	 107.777	 -31.369
  17	 2790	 890.604	 47.440	 246.463	 31.119	 141.596	 -31.377
  15	 4249	 1186.422	 195.109	 325.917	 14.969	 135.461	 -31.380
  26	 2090	 991.791	 18.232	 271.404	 222.531	 131.620	 -31.394
  29	 3824	 1481.051	 87.470	 277.235	 16.980	 146.094	 -31.399
  25	 3691	 589.311	 23.612	 250.395	 102.954	 109.950	 -31.400
  21	 4086	 1516.789	 83.226	 257.336	 21.616	 135.339	 -31.414
  17	 3694	 507.759	 15.313	 247.562	 81.075	 134.847	 -31.419
   4	 4174	 1105.999	 107.893	 233.439	 41.539	 116.237	 -31.428
  22	 4608	 605.522	 74.787	 342.027	 34.311	 130.372	 -31.428
  24	 2594	 1074.767	 133.652	 252.742	 25.467	 106.434	 -31.430
  17	 2708	 936.393	 56.898	 266.735	 76.100	 138.804	 -31.436
  18	 2740	 1504.888	 94.336	 270.698	 26.032	 133.239	 -31.458
  13	  377	 936.062	 34.982	 247.520	 76.917	 107.437	 -31.458
  12	 3890	 695.186	 23.404	 327.693	 113.572	 105.125	 -31.467
  28	 2346	 794.558	 14.171	 235.390	 140.124	 114.344	 -31.482
   6	 3170	 481.683	 18.648	 347.723	 132.280	 126.394	 -31.502
  20	 3068	 623.734	 119.954	 315.821	 34.775	 142.051	 -31.506
  29	 1309	 908.532	 24.124	 308.677	 187.489	 130.187	 -31.522
  27	 3785	 1233.994	 176.862	 343.604	 27.035	 132.884	 -31.523
  11	 3272	 806.431	 18.083	 254.511	 239.368	 138.374	 -31.554
  26	  327	 844.239	 67.611	 258.413	 40.488	 147.401	 -31.559
  18	 1134	 754.173	 131.019	 245.033	 31.366	 118.755	 -31.561
  11	 2995	 728.925	 19.457	 316.003	 239.525	 138.187	 -31.610
   7	  883	 728.897	 124.236	 336.729	 22.215	 133.939	 -31.615
  17	 4630	 1400.382	 174.764	 258.398	 11.439	 148.438	 -31.643
   1	 2937	 465.611	 17.177	 325.314	 141.237	 111.991	 -31.661
  23	  557	 1490.113	 244.279	 246.656	 18.352	 153.840	 -31.664
  11	 3767	 549.340	 41.417	 257.013	 97.258	 108.276	 -31.679
   1	 2183	 1442.612	 135.230	 245.239	 12.821	 158.483	 -31.690
  10	 3360	 927.648	 140.644	 242.790	 17.789	 146.837	 -31.729
   0	  379	 1725.308	 216.653	 244.892	 16.614	 136.495	 -31.730
   8	 3346	 660.045	 16.024	 284.671	 175.970	 145.771	 -31.743
  11	 2071	 705.791	 103.908	 347.232	 31.391	 114.345	 -31.752
  28	 4261	 940.523	 107.373	 363.128	 19.461	 119.991	 -31.761
  18	 2900	 1643.793	 138.652	 263.283	 14.270	 156.656	 -31.763
  19	  639	 1647.688	 112.828	 279.091	 12.529	 154.728	 -31.770
   8	 4694	 951.105	 31.072	 314.259	 101.116	 105.404	 -31.771
  18	 1068	 1689.422	 92.598	 237.702	 13.264	 120.785	 -31.787
  13	 4857	 1175.101	 50.818	 302.854	 59.131	 119.355	 -31.800
   6	 1228	 1761.369	 120.318	 266.627	 21.192	 120.300	 -31.802
  21	 4259	 1341.391	 71.157	 276.525	 50.219	 124.313	 -31.825
  19	 3549	 1204.651	 37.337	 287.618	 86.616	 113.915	 -31.838
  14	 2420	 1166.226	 14.440	 290.234	 250.843	 116.453	 -31.860
  14	  454	 1535.176	 129.199	 251.017	 31.411	 111.359	 -31.861
   7	 4040	 1398.271	 59.097	 245.235	 28.300	 130.518	 -31.861
  29	 1279	 984.195	 12.461	 301.284	 206.672	 131.334	 -31.865
   0	 4890	 1268.035	 213.968	 333.773	 16.930	 125.220	 -31.874
   0	 2791	 1034.834	 14.397	 272.940	 77.999	 101.530	 -31.917
  23	 4692	 1765.019	 147.916	 288.338	 19.410	 135.016	 -31.953
  19	 3685	 383.276	 27.728	 295.641	 82.827	 132.946	 -31.971
  12	 1756	 1065.596	 12.673	 234.487	 95.614	 120.061	 -31.987
  17	 4133	 550.037	 40.523	 315.181	 25.128	 114.827	 -31.992
  20	  870	 428.448	 13.784	 337.527	 138.171	 117.339	 -32.047
  18	  764	 1115.357	 32.962	 265.125	 133.313	 132.491	 -32.069
  27	 4516	 721.555	 43.088	 244.312	 49.853	 144.164	 -32.086
   7	 3553	 1355.694	 160.510	 276.452	 11.647	 169.323	 -32.112
   2	 4535	 1518.618	 250.228	 265.448	 18.200	 115.136	 -32.117
  18	 2010	 1190.656	 88.678	 293.258	 30.800	 148.569	 -32.123
   2	 4089	 1150.709	 122.261	 306.746	 13.284	 170.653	 -32.127
  23	 2958	 1109.846	 127.897	 224.045	 35.817	 137.678	 -32.152
  26	 3574	 721.278	 57.668	 333.160	 73.031	 102.244	 -32.163
   0	 4979	 909.696	 84.394	 313.221	 48.432	 147.670	 -32.277
   8	 4409	 1209.437	 26.121	 299.646	 89.014	 114.749	 -32.297
  26	 3671	 1100.984	 42.825	 324.412	 56.779	 114.199	 -32.298
  10	 3965	 648.611	 18.783	 227.317	 140.960	 114.718	 -32.301
  26	 2960	 1371.338	 73.640	 283.083	 63.755	 118.770	 -32.306
  18	 2373	 665.488	 78.024	 301.023	 17.501	 148.756	 -32.343
  15	 1457	 766.176	 101.842	 348.609	 28.830	 150.037	 -32.389
  13	 3035	 1536.835	 173.511	 290.405	 22.480	 105.297	 -32.392
   4	 4953	 686.848	 95.764	 301.697	 39.247	 101.654	 -32.414
  26	 2916	 1504.699	 103.201	 234.726	 34.102	 132.051	 -32.426
  18	 2529	 1372.441	 88.838	 318.247	 23.700	 137.488	 -32.427
  15	 1568	 1957.467	 158.019	 281.310	 16.247	 133.408	 -32.438
  15	 1572	 1957.467	 158.019	 281.310	 16.247	 133.408	 -32.438
  16	 2462	 622.569	 141.806	 314.211	 34.731	 150.308	 -32.444
  20	 3820	 907.896	 171.495	 311.656	 17.147	 163.417	 -32.460
  15	 1276	 572.114	 25.443	 373.297	 114.239	 116.672	 -32.518
  16	 2063	 1450.632	 249.121	 238.869	 16.351	 153.668	 -32.547
  18	 3669	 1002.081	 164.620	 245.970	 19.214	 165.521	 -32.603
  29	 1620	 943.808	 152.196	 350.179	 16.248	 120.292	 -32.707
  19	 1744	 1354.729	 10.173	 247.976	 203.410	 123.054	 -32.738
  23	 1143	 981.531	 16.496	 297.043	 131.097	 97.324	 -32.752
   1	 4552	 1699.601	 182.310	 228.318	 15.388	 125.496	 -32.770
   4	 4230	 1145.255	 63.293	 246.180	 65.943	 101.466	 -32.771
   3	 1903	 1604.901	 157.811	 223.055	 23.740	 141.059	 -32.815
   4	 1979	 1582.168	 191.160	 266.867	 18.827	 168.971	 -32.816
  22	 3690	 1407.229	 60.478	 236.860	 69.038	 118.220	 -32.824
   1	 1645	 1599.089	 138.012	 239.217	 34.593	 140.985	 -32.833
  28	  836	 1419.286	 72.134	 238.803	 62.039	 127.076	 -32.854
  29	 1965	 1290.067	 97.374	 316.753	 35.770	 138.555	 -32.886
  10	 2388	 457.945	 17.681	 268.652	 264.123	 152.494	 -32.890
  13	 1137	 967.031	 136.213	 318.604	 12.424	 119.076	 -32.913
  18	 4914	 1556.495	 35.083	 248.846	 39.535	 117.467	 -32.915
   8	 2627	 785.133	 100.036	 221.002	 48.424	 137.248	 -32.923
  16	 2568	 1540.589	 281.393	 295.099	 16.251	 120.536	 -32.956
  18	  923	 1113.508	 129.144	 230.509	 31.560	 154.413	 -32.960
   3	 4478	 944.298	 111.137	 311.515	 13.786	 172.627	 -32.969
   4	 2197	 339.444	 29.658	 251.666	 151.205	 125.953	 -32.982
  21	 2833	 935.953	 147.459	 292.929	 13.596	 118.019	 -32.986
  25	 2609	 1806.643	 140.969	 300.113	 22.030	 130.492	 -33.022
  14	 3332	 1502.547	 28.664	 237.979	 41.231	 119.744	 -33.082
   3	 4946	 324.993	 13.893	 288.477	 86.788	 132.394	 -33.135
  28	 2310	 1308.859	 16.298	 259.680	 174.259	 100.747	 -33.312
   0	 1983	 1255.893	 18.366	 284.596	 186.705	 133.063	 -33.368
  16	   82	 865.940	 185.623	 323.403	 19.931	 168.884	 -33.385
  23	  297	 1910.415	 79.185	 273.451	 16.917	 110.112	 -33.395
   7	 3122	 1844.666	 108.293	 250.108	 40.426	 119.250	 -33.419
  22	  219	 1121.300	 132.212	 239.711	 25.517	 99.374	 -33.654
   3	 2952	 1876.933	 150.223	 233.248	 19.500	 152.178	 -33.658
  19	  496	 694.390	 15.532	 354.495	 80.057	 99.551	 -33.668
  20	 4988	 571.887	 31.155	 316.667	 40.000	 156.985	 -33.779
  26	 3105	 1562.598	 119.625	 320.109	 35.407	 120.908	 -33.845
  17	 4714	 1154.509	 46.027	 292.472	 50.125	 146.915	 -33.876
   6	 3229	 342.675	 12.953	 353.665	 198.907	 132.196	 -33.938
  19	  529	 544.537	 53.261	 354.066	 21.165	 121.347	 -33.947
   3	 1489	 944.009	 79.856	 364.258	 39.084	 102.348	 -33.987
  11	 2506	 1123.560	 90.082	 346.854	 26.086	 151.381	 -34.019
  26	  708	 1632.735	 15.022	 265.945	 68.377	 125.527	 -34.153
   9	 4304	 572.211	 10.355	 377.184	 423.998	 103.902	 -34.194
   8	 1377	 901.824	 102.123	 360.326	 26.135	 159.934	 -34.374
  25	 2225	 1585.287	 126.478	 262.745	 14.379	 97.111	 -34.388
  13	 3646	 1414.955	 120.354	 232.183	 17.271	 173.714	 -34.720
  18	 1462	 1521.802	 190.241	 246.406	 17.809	 183.530	 -34.741
  28	 3267	 1501.404	 102.078	 327.429	 47.521	 118.267	 -34.792
  13	 3083	 782.386	 32.183	 209.085	 63.505	 108.562	 -34.954
  11	 3147	 1099.698	 27.380	 214.272	 162.849	 138.330	 -35.019
   3	  123	 647.250	 87.576	 278.436	 54.538	 171.972	 -35.904
   8	 1625	 320.177	 14.955	 331.164	 172.771	 160.084	 -36.499
   4	 1060	 1920.009	 14.144	 271.743	 197.563	 134.911	 -36.910
  23	  356	 1657.480	 49.989	 328.858	 57.289	 111.997	 -37.094
  12	 4337	 1133.722	 37.189	 335.198	 110.109	 86.847	 -37.903
   4	  793	 1237.589	 335.800	 335.023	 14.264	 193.259	 -39.142
