   6	  174	 255.542	 289.065	 590.292	 0.726	 659.163	 -5.915
  16	  827	 257.695	 334.025	 570.961	 0.430	 4973.264	 -5.916
   8	 1464	 254.216	 267.382	 603.059	 0.420	 298.495	 -5.926
  21	 2521	 263.002	 343.074	 693.604	 0.365	 3160.479	 -5.981
   5	 2197	 246.550	 490.208	 638.755	 1.144	 1949.119	 -5.989
  33	 1631	 259.473	 389.018	 595.614	 0.936	 1894.463	 -5.996
  42	  846	 255.097	 319.156	 590.600	 1.083	 1858.441	 -5.999
  42	  312	 258.760	 179.243	 526.932	 0.619	 3100.022	 -5.999
   4	  903	 247.077	 153.836	 716.111	 0.757	 759.870	 -6.046
  18	  935	 253.535	 619.462	 621.529	 1.362	 2864.842	 -6.073
   4	 3946	 264.544	 613.570	 612.033	 0.943	 4585.948	 -6.080
  42	 2898	 244.890	 371.719	 693.084	 0.603	 2611.028	 -6.096
  18	  420	 277.222	 884.977	 683.332	 0.211	 1854.928	 -6.107
  17	 2704	 248.432	 212.146	 727.163	 1.830	 3331.572	 -6.138
  16	 2842	 250.580	 406.644	 760.611	 0.890	 1890.668	 -6.138
  46	 1419	 259.262	 995.849	 768.275	 0.542	 4612.941	 -6.140
   5	 1440	 231.484	 197.100	 691.441	 1.663	 3720.450	 -6.190
  41	  784	 243.014	 587.946	 509.954	 1.210	 3410.587	 -6.193
  13	 3661	 242.605	 267.632	 759.046	 0.787	 773.225	 -6.218
  33	 1574	 253.617	 302.468	 611.134	 1.856	 2747.923	 -6.219
  13	 1360	 258.127	 512.038	 725.296	 1.288	 4197.487	 -6.250
  36	 2309	 238.133	 577.090	 562.809	 2.038	 2447.018	 -6.268
  46	 3717	 243.390	 166.101	 695.984	 0.388	 3482.855	 -6.269
  33	 3492	 247.377	 229.320	 815.117	 0.909	 587.261	 -6.273
   4	  489	 250.712	 241.390	 593.273	 2.534	 1221.207	 -6.287
  46	 1319	 243.327	 979.593	 633.437	 2.209	 4933.726	 -6.296
  48	 2920	 232.520	 296.923	 767.908	 1.568	 724.741	 -6.347
  42	 1850	 260.208	 539.414	 735.425	 1.357	 2636.392	 -6.350
  46	 1199	 273.159	 974.644	 468.594	 0.321	 886.786	 -6.365
  17	 1595	 238.678	 433.958	 738.195	 2.131	 976.347	 -6.369
  13	 2575	 227.300	 292.529	 709.525	 2.960	 4158.273	 -6.379
  36	 1026	 247.110	 447.067	 817.616	 1.535	 3023.710	 -6.419
   1	 1271	 239.780	 996.456	 589.516	 2.579	 2692.157	 -6.423
   6	 2103	 239.753	 987.354	 671.136	 0.338	 4297.360	 -6.432
   8	 1483	 238.248	 486.632	 490.213	 1.782	 1203.375	 -6.434
  33	 3136	 235.706	 331.315	 490.690	 1.921	 555.441	 -6.437
   8	 2253	 227.010	 325.385	 739.928	 2.604	 1475.610	 -6.438
  16	 2354	 250.838	 138.078	 850.633	 1.764	 465.230	 -6.438
  31	 3690	 258.641	 942.171	 775.495	 1.418	 4133.612	 -6.440
  46	 1812	 226.599	 763.352	 732.062	 1.676	 4568.930	 -6.460
  30	  470	 244.503	 147.427	 725.968	 0.229	 1584.418	 -6.466
  30	  419	 232.255	 187.291	 830.834	 1.430	 1468.054	 -6.469
  44	 1795	 238.841	 264.726	 461.585	 1.295	 3362.139	 -6.481
   8	 1856	 226.910	 930.366	 676.184	 2.693	 4901.599	 -6.501
  16	 2137	 233.963	 446.694	 702.771	 2.869	 2061.592	 -6.517
  39	 3240	 259.504	 860.404	 887.906	 0.688	 2453.902	 -6.520
  17	 3118	 276.873	 497.843	 448.731	 0.158	 2236.110	 -6.526
  36	  261	 260.400	 260.652	 459.215	 1.164	 467.679	 -6.530
   7	 3228	 254.325	 793.995	 857.495	 1.327	 4194.593	 -6.546
   6	 1900	 266.734	 733.950	 491.495	 1.273	 3361.539	 -6.571
   8	 2644	 231.369	 323.708	 810.964	 1.030	 607.573	 -6.573
   8	 3056	 244.326	 224.192	 654.420	 3.794	 3660.214	 -6.582
  46	 1597	 262.154	 723.129	 817.847	 1.286	 4485.920	 -6.583
  39	 3453	 236.442	 855.482	 771.395	 2.618	 4790.023	 -6.593
  36	 3281	 265.826	 336.044	 899.314	 0.487	 1371.706	 -6.604
  36	  855	 252.762	 662.215	 492.699	 1.997	 1071.914	 -6.606
  20	 2237	 286.530	 593.644	 590.262	 0.660	 758.560	 -6.635
  41	 2509	 254.528	 539.561	 927.443	 0.921	 454.970	 -6.642
   1	  979	 217.361	 216.926	 615.422	 3.683	 4205.657	 -6.650
  30	  809	 216.109	 342.389	 599.888	 3.342	 4301.876	 -6.657
  17	 1592	 242.123	 547.898	 703.556	 2.933	 350.869	 -6.672
  42	 2442	 274.488	 969.587	 705.585	 1.243	 296.852	 -6.689
  39	 1866	 271.246	 667.436	 656.307	 1.566	 1951.079	 -6.699
  29	 3440	 225.821	 857.671	 836.379	 1.428	 3799.213	 -6.722
   1	 1192	 217.210	 477.321	 691.990	 3.000	 3019.024	 -6.751
  13	 1717	 277.560	 236.563	 586.254	 1.440	 344.745	 -6.751
   7	 3077	 268.462	 929.714	 525.268	 1.683	 2551.981	 -6.754
  46	 3332	 221.956	 376.545	 498.000	 2.919	 4121.771	 -6.769
  26	  589	 219.143	 876.963	 663.156	 3.355	 3927.883	 -6.780
  39	 3541	 231.229	 776.058	 904.837	 2.354	 4925.591	 -6.830
  42	 3737	 225.113	 369.787	 610.124	 4.852	 4864.508	 -6.841
  42	 3711	 225.113	 369.787	 610.124	 4.852	 4864.508	 -6.841
  29	 1583	 233.766	 548.333	 959.402	 1.207	 1080.315	 -6.844
  44	 2018	 227.664	 768.210	 665.595	 0.538	 2308.448	 -6.848
  21	 2864	 249.069	 370.398	 635.901	 3.558	 4415.788	 -6.857
   7	 3959	 220.507	 860.120	 518.176	 3.102	 379.096	 -6.863
   1	  890	 219.676	 140.527	 780.699	 2.366	 4333.075	 -6.863
  39	 1122	 255.703	 316.621	 632.755	 3.332	 3689.725	 -6.870
  30	 1415	 260.356	 905.155	 406.831	 0.714	 4869.773	 -6.881
  30	  546	 220.544	 136.248	 764.633	 2.726	 1372.673	 -6.894
  44	 3907	 230.277	 738.439	 582.703	 3.836	 893.137	 -6.900
  26	 1980	 212.596	 223.982	 788.643	 3.404	 2542.498	 -6.904
  18	 1332	 225.471	 807.956	 520.834	 3.502	 4405.797	 -6.907
  39	 1113	 269.271	 177.183	 625.873	 2.809	 3741.745	 -6.909
   5	 3495	 272.866	 287.006	 619.196	 1.987	 1923.432	 -6.910
   1	 2645	 270.246	 162.599	 467.887	 1.856	 113.655	 -6.920
  37	 2503	 261.311	 648.050	 1004.677	 0.312	 1105.922	 -6.922
  47	 2265	 263.470	 517.532	 763.228	 2.060	 1462.704	 -6.940
  29	  522	 231.197	 911.746	 787.478	 3.542	 4252.932	 -6.947
   5	 2807	 244.929	 687.632	 826.321	 2.854	 3512.852	 -6.961
  47	 3784	 246.568	 770.357	 942.685	 2.123	 1814.245	 -6.985
  41	  345	 219.729	 521.214	 889.269	 1.942	 723.899	 -6.993
   4	 1571	 253.305	 249.246	 1042.936	 0.887	 1461.027	 -6.994
   5	 3209	 267.055	 972.672	 799.174	 1.858	 4397.594	 -7.044
  41	 1452	 267.671	 618.228	 1017.912	 0.417	 2317.114	 -7.045
  46	 2574	 221.447	 539.529	 673.479	 4.564	 849.332	 -7.069
   8	 1229	 220.183	 509.290	 670.362	 4.727	 2879.464	 -7.073
   4	 3227	 243.599	 820.985	 419.192	 2.085	 4578.223	 -7.075
  37	 3283	 237.903	 202.538	 859.954	 4.234	 3848.463	 -7.116
  37	 2505	 259.268	 683.644	 1066.194	 0.337	 1028.663	 -7.120
  17	 1421	 291.304	 539.235	 723.877	 0.747	 2363.028	 -7.131
  26	 1832	 228.646	 312.515	 1025.361	 1.226	 1453.560	 -7.138
  13	 1348	 277.787	 213.578	 887.097	 0.994	 4894.165	 -7.155
  29	 1565	 231.368	 622.513	 1012.258	 0.804	 1235.625	 -7.190
  18	 3597	 232.884	 576.397	 720.473	 4.486	 785.329	 -7.226
  17	 1857	 273.156	 504.738	 1022.175	 0.513	 838.301	 -7.234
   5	 3529	 233.132	 309.202	 419.159	 3.346	 1558.938	 -7.239
  37	 2758	 222.760	 156.522	 424.940	 2.311	 995.492	 -7.240
  41	 2793	 227.318	 944.999	 664.925	 0.311	 517.816	 -7.244
   6	 2400	 272.094	 940.262	 428.018	 1.324	 248.534	 -7.260
  39	 3174	 278.533	 648.532	 796.713	 1.425	 1802.923	 -7.261
  26	 2166	 239.500	 489.045	 1038.632	 2.435	 4385.623	 -7.274
  33	 1051	 242.036	 304.552	 1126.965	 1.914	 2970.327	 -7.309
  21	 3904	 251.875	 131.794	 1099.391	 2.059	 945.442	 -7.342
  47	  826	 217.728	 910.121	 595.625	 5.005	 1360.559	 -7.348
  20	 2103	 309.172	 402.842	 757.443	 0.077	 207.886	 -7.387
  26	  776	 225.794	 719.193	 512.073	 4.673	 4020.435	 -7.408
  33	 2798	 221.154	 673.404	 1052.423	 3.000	 2510.048	 -7.418
  37	  299	 224.245	 428.298	 411.521	 1.142	 1512.466	 -7.429
  26	 1641	 204.927	 280.277	 659.555	 1.973	 2491.295	 -7.449
  21	 3137	 220.315	 121.771	 460.411	 2.712	 4169.909	 -7.451
  20	 1788	 305.911	 504.102	 712.535	 0.322	 3662.178	 -7.455
  16	 1419	 201.350	 351.042	 803.429	 5.415	 1280.381	 -7.456
  37	  209	 213.736	 318.933	 430.416	 2.406	 288.622	 -7.462
  44	 3708	 225.191	 314.634	 691.263	 6.736	 1011.122	 -7.487
  39	  352	 217.111	 352.263	 989.249	 1.354	 1227.947	 -7.489
   4	  277	 253.604	 248.771	 689.078	 4.971	 1377.404	 -7.491
  42	 1688	 233.115	 455.794	 911.851	 4.488	 4706.977	 -7.492
   6	  474	 201.275	 477.303	 769.010	 4.261	 536.386	 -7.504
  30	 2594	 214.816	 255.331	 626.889	 0.785	 499.615	 -7.513
   1	  720	 226.248	 281.402	 557.518	 6.608	 2700.732	 -7.523
  41	 2802	 226.611	 960.390	 653.109	 0.218	 522.775	 -7.531
  31	 1454	 211.306	 293.053	 1108.893	 3.718	 1561.768	 -7.535
  21	 3708	 245.944	 268.001	 1040.720	 3.478	 567.025	 -7.536
   1	 1278	 204.388	 941.841	 631.573	 4.931	 2145.875	 -7.548
  33	  916	 223.501	 192.148	 1197.834	 3.083	 621.683	 -7.552
  41	 1422	 262.607	 132.075	 1107.381	 1.766	 1038.515	 -7.552
  36	 2279	 224.629	 407.334	 392.654	 1.404	 2464.451	 -7.570
  21	 3790	 256.211	 116.402	 1226.258	 1.045	 956.132	 -7.575
  47	 1022	 214.352	 279.460	 1009.292	 5.412	 3221.860	 -7.577
   5	 3882	 222.846	 939.375	 1118.667	 1.211	 3702.390	 -7.578
  18	 1349	 212.371	 705.769	 489.337	 4.657	 4405.183	 -7.590
  36	 1100	 277.925	 107.070	 383.487	 0.992	 2803.080	 -7.593
  47	 3429	 203.207	 609.396	 520.156	 4.194	 1824.371	 -7.619
  13	 1965	 209.270	 647.572	 1004.627	 3.516	 1294.334	 -7.632
  47	 2299	 263.613	 754.205	 427.610	 2.376	 1504.043	 -7.641
  33	 3581	 242.731	 490.962	 865.358	 4.362	 1334.842	 -7.666
  20	 2462	 255.939	 853.902	 594.622	 4.038	 2617.082	 -7.674
  29	 1958	 208.051	 664.060	 627.589	 5.965	 4402.259	 -7.700
  18	  661	 219.158	 757.546	 623.210	 5.949	 3302.308	 -7.705
  47	 3869	 232.371	 613.958	 851.857	 0.137	 1306.882	 -7.707
  26	 3833	 287.231	 911.950	 547.725	 1.819	 3799.744	 -7.744
   4	 3192	 224.209	 862.568	 636.731	 5.935	 4865.163	 -7.768
   4	  241	 244.284	 205.579	 607.584	 5.710	 1194.800	 -7.775
  44	 1235	 272.639	 650.202	 945.571	 1.804	 3357.419	 -7.775
  36	 2620	 216.993	 627.356	 1193.271	 1.816	 4525.814	 -7.776
  36	  231	 242.641	 369.275	 377.543	 2.759	 508.647	 -7.817
  39	 1410	 214.529	 624.155	 583.900	 6.487	 1103.659	 -7.818
  41	  152	 266.910	 250.226	 390.250	 2.070	 606.148	 -7.823
  47	 2236	 257.855	 426.851	 1175.467	 1.684	 2101.861	 -7.857
  30	 2804	 194.333	 377.710	 923.112	 5.536	 796.524	 -7.953
  30	 2676	 229.588	 294.642	 1426.313	 1.367	 1058.095	 -8.005
  30	  305	 196.593	 438.286	 1001.090	 5.101	 2933.367	 -8.007
  47	 2343	 244.603	 829.851	 383.814	 3.078	 1352.276	 -8.015
  21	  198	 197.214	 335.127	 560.169	 2.347	 923.051	 -8.019
   8	 3883	 209.250	 522.397	 1126.853	 1.806	 1267.474	 -8.021
  46	 3648	 225.745	 303.763	 1201.261	 5.300	 4627.805	 -8.035
  39	  363	 203.555	 338.204	 1054.766	 2.185	 1943.420	 -8.058
  37	 3681	 215.981	 165.620	 460.153	 0.617	 1095.943	 -8.068
  42	 3860	 203.699	 444.925	 832.712	 8.081	 3560.718	 -8.072
  48	  836	 196.744	 493.354	 913.435	 6.226	 333.023	 -8.097
  48	 2944	 207.484	 332.823	 1044.929	 1.545	 468.147	 -8.105
  17	 3757	 199.238	 629.024	 1048.928	 3.135	 4915.086	 -8.153
  29	  143	 196.356	 448.818	 598.465	 8.016	 492.565	 -8.159
   7	  735	 205.791	 515.186	 846.423	 7.909	 1963.524	 -8.202
   7	  114	 206.813	 303.891	 386.558	 4.195	 333.573	 -8.257
  44	 2882	 233.817	 585.192	 1400.100	 2.939	 1847.872	 -8.286
  46	 3269	 250.880	 496.024	 442.179	 4.731	 3840.825	 -8.309
   7	  904	 233.810	 716.320	 1260.753	 3.762	 4778.350	 -8.312
  20	 3888	 193.697	 170.899	 611.795	 3.288	 842.056	 -8.352
  44	 3408	 211.468	 457.231	 1508.960	 3.421	 1149.497	 -8.377
  18	 3655	 189.334	 762.810	 618.048	 3.394	 1740.816	 -8.422
  20	 2063	 302.463	 343.378	 625.314	 1.524	 805.892	 -8.451
   1	 3183	 196.534	 777.161	 920.739	 2.129	 2314.590	 -8.464
   5	  931	 244.283	 962.727	 1414.992	 0.153	 659.317	 -8.524
  33	 1105	 276.375	 177.174	 1017.375	 2.935	 872.235	 -8.539
  44	 3393	 213.413	 262.555	 1782.270	 3.762	 2316.911	 -8.553
  17	  128	 288.367	 183.122	 536.323	 3.584	 987.981	 -8.573
  48	 2769	 235.255	 804.328	 1550.671	 2.891	 693.706	 -8.610
  48	 2698	 230.404	 721.449	 1710.675	 2.726	 105.729	 -8.711
  17	 1254	 288.871	 821.619	 769.834	 2.508	 1101.665	 -8.737
  41	 1519	 235.596	 652.292	 1514.298	 3.336	 570.592	 -8.745
  41	 1562	 248.875	 574.255	 1559.224	 2.098	 965.220	 -8.776
  18	 3872	 197.613	 413.009	 1607.062	 5.712	 3297.089	 -8.783
  13	  388	 203.900	 496.586	 1601.549	 5.295	 1811.134	 -8.809
  18	  165	 202.129	 364.218	 392.764	 1.846	 811.545	 -8.820
  29	 3944	 217.864	 567.206	 508.155	 0.145	 2099.602	 -8.871
  31	  686	 222.236	 740.896	 587.630	 8.524	 3743.521	 -8.872
  20	 2075	 302.152	 358.601	 841.490	 1.415	 590.001	 -8.937
  48	 3037	 209.163	 248.001	 2152.233	 4.168	 2125.819	 -8.986
  36	 1883	 210.899	 738.377	 1738.542	 1.463	 2815.687	 -9.009
  20	 2568	 252.962	 839.392	 1830.528	 0.651	 853.390	 -9.018
  37	 1604	 184.464	 715.919	 747.739	 8.195	 145.564	 -9.050
   8	 1878	 238.268	 902.684	 304.317	 1.146	 4027.219	 -9.056
   5	  793	 225.064	 892.888	 2246.137	 2.180	 544.590	 -9.140
  46	 3810	 273.153	 167.264	 330.463	 2.247	 3710.343	 -9.148
  31	 2377	 217.738	 640.267	 1236.869	 7.179	 911.793	 -9.195
   4	 2603	 222.771	 539.887	 2051.275	 3.506	 1866.811	 -9.198
  18	 2534	 211.134	 323.655	 1447.278	 8.077	 3951.792	 -9.252
  48	  206	 178.478	 416.540	 471.381	 6.138	 376.218	 -9.363
  47	  317	 246.524	 311.039	 552.555	 9.028	 3550.736	 -9.370
  41	 3914	 207.353	 660.938	 1059.851	 9.377	 3451.283	 -9.391
  30	 1968	 223.035	 398.906	 1998.687	 5.257	 1136.024	 -9.453
   5	 1758	 213.339	 719.617	 1181.467	 8.388	 247.263	 -9.568
   6	 3534	 198.235	 669.338	 2426.216	 2.618	 2522.683	 -9.638
  46	 3519	 204.755	 944.286	 2381.166	 1.762	 3935.700	 -9.647
   1	 2035	 195.649	 547.638	 2751.166	 3.570	 3957.493	 -9.689
  29	 2328	 192.184	 376.965	 1587.664	 2.003	 575.479	 -9.799
  44	 3151	 213.827	 437.518	 3314.526	 1.654	 196.830	 -9.800
  20	 2016	 304.651	 372.441	 958.440	 1.627	 108.267	 -9.865
  33	 3902	 211.301	 903.898	 3013.261	 4.441	 4147.970	 -9.870
   1	 2045	 193.000	 604.578	 3066.176	 3.497	 4312.168	 -9.911
  13	  364	 183.084	 539.002	 1991.410	 3.866	 199.683	 -9.980
  20	 3094	 197.766	 588.486	 3943.760	 2.976	 2727.851	 -10.013
  31	 3609	 262.834	 608.968	 1453.497	 3.282	 2951.295	 -10.017
  31	 3500	 191.639	 939.535	 2851.620	 2.953	 2322.823	 -10.034
  26	  988	 235.570	 586.124	 1166.159	 8.054	 2631.446	 -10.050
  44	 1577	 191.722	 417.062	 2841.627	 9.056	 3937.469	 -10.174
  26	 2993	 185.326	 496.497	 2208.434	 3.028	 2232.533	 -10.195
  29	 2820	 235.350	 431.742	 610.483	 12.210	 4497.474	 -10.257
   7	 2517	 227.739	 520.356	 1759.504	 6.964	 875.862	 -10.260
  20	  846	 198.920	 831.593	 2428.715	 7.652	 4658.629	 -10.382
  33	  813	 188.221	 345.641	 3780.657	 8.664	 2486.491	 -10.423
  44	  490	 175.810	 393.412	 3703.118	 8.690	 3648.352	 -10.451
  41	 3302	 281.981	 669.700	 489.025	 5.369	 4105.858	 -10.455
   5	  118	 188.050	 141.754	 380.675	 3.150	 365.150	 -10.484
  18	 1981	 164.324	 422.849	 1539.805	 8.219	 2607.355	 -10.514
  26	 2425	 178.832	 554.022	 4232.592	 8.703	 2923.835	 -10.568
  48	 3859	 201.454	 665.975	 2620.002	 8.352	 3843.797	 -10.583
  48	 3467	 231.143	 363.042	 1898.667	 7.725	 1478.946	 -10.634
  30	 3093	 261.635	 429.286	 2655.296	 0.079	 2292.105	 -10.640
  44	 2898	 165.797	 631.881	 1439.103	 6.847	 1749.085	 -10.669
  42	 1220	 292.195	 306.386	 607.717	 6.096	 552.940	 -10.682
  16	  337	 187.355	 822.361	 1528.758	 11.185	 1055.284	 -10.711
  44	  749	 192.737	 727.712	 3023.200	 9.367	 2508.682	 -10.911
  48	 2050	 201.721	 777.765	 2914.872	 8.528	 1286.290	 -10.956
  48	 1936	 181.017	 743.547	 4608.816	 8.874	 493.185	 -10.985
  44	  485	 171.994	 351.324	 4583.573	 9.553	 2944.583	 -11.035
  18	 3368	 165.930	 681.952	 2864.269	 9.770	 4948.622	 -11.130
   4	 2187	 173.262	 768.796	 3218.828	 9.815	 239.365	 -11.143
  31	 3540	 164.549	 569.476	 4707.441	 9.235	 3875.618	 -11.161
  30	 3506	 186.470	 887.002	 2900.736	 10.088	 1580.589	 -11.183
   1	 1716	 184.256	 538.871	 3746.059	 2.211	 1273.635	 -11.213
  30	 3517	 185.720	 705.413	 2943.789	 12.125	 1796.015	 -11.488
  20	  805	 186.137	 955.244	 1827.198	 1.150	 1390.342	 -11.798
   6	 2703	 159.271	 842.350	 4231.551	 6.195	 185.084	 -12.121
   7	 2869	 270.656	 659.334	 3874.404	 0.771	 192.794	 -12.142
  44	  643	 159.469	 627.421	 3197.234	 17.769	 742.174	 -12.893
  42	 2611	 142.879	 738.414	 846.949	 8.977	 1756.970	 -13.333
  17	   83	 187.635	 165.280	 238.222	 3.494	 442.207	 -14.343
  20	   82	 213.601	 198.611	 149.720	 1.583	 515.684	 -20.855
  44	   28	 204.047	 397.801	 119.586	 1.244	 106.465	 -27.061
  48	   49	 202.563	 162.019	 112.084	 4.294	 641.346	 -29.549
  13	   96	 254.723	 113.347	 200.943	 15.087	 332.965	 -32.944
  27	  252	 182.454	 6.609	 96.698	 -92.656	 676.796	 -inf
   0	 2178	 -79.308	 293.753	 186.633	 -54.459	 705.117	 -inf
  14	  416	 228.268	 17.390	 212.108	 145.612	 429.416	 -inf
  28	 1255	 152.463	 147.761	 47.811	 129.453	 312.684	 -inf
   3	 2825	 226.247	 127.650	 76.673	 133.600	 654.336	 -inf
  49	 3690	 -23.709	 -10.771	 148.228	 -121.939	 505.712	 -inf
  23	 2474	 -78.253	 158.465	 182.427	 52.186	 453.133	 -inf
  32	  566	 376.025	 93.935	 -91.350	 -127.757	 422.214	 -inf
  49	  628	 -23.709	 -10.771	 148.228	 -121.939	 505.712	 -inf
  45	 2742	 59.767	 145.112	 80.508	 101.541	 388.513	 -inf
  19	 3249	 182.582	 146.116	 32.402	 151.013	 592.002	 -inf
  22	  694	 5.668	 135.249	 126.356	 122.781	 551.507	 -inf
  38	 1878	 83.983	 235.011	 116.872	 88.654	 414.854	 -inf
  28	 3297	 152.463	 147.761	 47.811	 129.453	 312.684	 -inf
  10	 3184	 116.983	 11.942	 122.090	 212.285	 501.335	 -inf
  15	  940	 319.269	 76.206	 265.529	 93.817	 612.233	 -inf
  12	 1304	 338.878	 33.866	 453.086	 132.458	 565.458	 -inf
  23	 3529	 -78.253	 158.465	 182.427	 52.186	 453.133	 -inf
  32	 2091	 376.025	 93.935	 -91.350	 -127.757	 422.214	 -inf
  19	  568	 182.582	 146.116	 32.402	 151.013	 592.002	 -inf
  24	 3641	 285.328	 58.697	 333.472	 106.438	 713.783	 -inf
  24	 3782	 285.328	 58.697	 333.472	 106.438	 713.783	 -inf
  28	    3	 152.463	 147.761	 47.811	 129.453	 312.684	 -inf
  32	 3503	 376.025	 93.935	 -91.350	 -127.757	 422.214	 -inf
  14	 2072	 228.268	 17.390	 212.108	 145.612	 429.416	 -inf
  23	 3496	 -78.253	 158.465	 182.427	 52.186	 453.133	 -inf
  15	 1756	 319.269	 76.206	 265.529	 93.817	 612.233	 -inf
  32	  896	 376.025	 93.935	 -91.350	 -127.757	 422.214	 -inf
  49	 3169	 -23.709	 -10.771	 148.228	 -121.939	 505.712	 -inf
   0	 3606	 -79.308	 293.753	 186.633	 -54.459	 705.117	 -inf
   9	 1183	 278.477	 4.457	 208.591	 256.578	 352.884	 -inf
  24	 3335	 285.328	 58.697	 333.472	 106.438	 713.783	 -inf
  45	 2112	 59.767	 145.112	 80.508	 101.541	 388.513	 -inf
  43	 3582	 376.534	 187.097	 99.154	 127.742	 488.123	 -inf
  23	  740	 -78.253	 158.465	 182.427	 52.186	 453.133	 -inf
  25	 3068	 121.447	 -75.593	 221.479	 135.270	 503.536	 -inf
  34	 3516	 162.520	 25.003	 355.462	 55.341	 452.084	 -inf
  12	 3668	 338.878	 33.866	 453.086	 132.458	 565.458	 -inf
  43	 2829	 376.534	 187.097	 99.154	 127.742	 488.123	 -inf
  34	 2823	 162.520	 25.003	 355.462	 55.341	 452.084	 -inf
  45	  172	 59.767	 145.112	 80.508	 101.541	 388.513	 -inf
  27	 1259	 182.454	 6.609	 96.698	 -92.656	 676.796	 -inf
  12	 2057	 338.878	 33.866	 453.086	 132.458	 565.458	 -inf
   2	 1552	 279.503	 62.556	 163.405	 170.205	 528.475	 -inf
  32	 3087	 376.025	 93.935	 -91.350	 -127.757	 422.214	 -inf
  27	  960	 182.454	 6.609	 96.698	 -92.656	 676.796	 -inf
  35	 3385	 235.017	 101.716	 107.086	 170.846	 611.570	 -inf
  32	 2708	 376.025	 93.935	 -91.350	 -127.757	 422.214	 -inf
  22	 3850	 5.668	 135.249	 126.356	 122.781	 551.507	 -inf
  28	 3577	 152.463	 147.761	 47.811	 129.453	 312.684	 -inf
  35	 2346	 235.017	 101.716	 107.086	 170.846	 611.570	 -inf
  49	  877	 -23.709	 -10.771	 148.228	 -121.939	 505.712	 -inf
  19	 2788	 182.582	 146.116	 32.402	 151.013	 592.002	 -inf
  10	 2759	 116.983	 11.942	 122.090	 212.285	 501.335	 -inf
  35	  836	 235.017	 101.716	 107.086	 170.846	 611.570	 -inf
  22	 1630	 5.668	 135.249	 126.356	 122.781	 551.507	 -inf
  19	 2356	 182.582	 146.116	 32.402	 151.013	 592.002	 -inf
  49	 1675	 -23.709	 -10.771	 148.228	 -121.939	 505.712	 -inf
  25	 1064	 121.447	 -75.593	 221.479	 135.270	 503.536	 -inf
  22	  327	 5.668	 135.249	 126.356	 122.781	 551.507	 -inf
  15	 3052	 319.269	 76.206	 265.529	 93.817	 612.233	 -inf
  40	  308	 267.440	 27.761	 259.900	 -40.163	 417.753	 -inf
  28	 2680	 152.463	 147.761	 47.811	 129.453	 312.684	 -inf
   3	 1681	 226.247	 127.650	 76.673	 133.600	 654.336	 -inf
  11	 3690	 130.531	 162.180	 90.020	 162.341	 530.527	 -inf
   0	  243	 -79.308	 293.753	 186.633	 -54.459	 705.117	 -inf
  22	 1881	 5.668	 135.249	 126.356	 122.781	 551.507	 -inf
  19	  527	 182.582	 146.116	 32.402	 151.013	 592.002	 -inf
  43	 3882	 376.534	 187.097	 99.154	 127.742	 488.123	 -inf
  25	 1732	 121.447	 -75.593	 221.479	 135.270	 503.536	 -inf
  28	  393	 152.463	 147.761	 47.811	 129.453	 312.684	 -inf
   0	 1046	 -79.308	 293.753	 186.633	 -54.459	 705.117	 -inf
   2	 2835	 279.503	 62.556	 163.405	 170.205	 528.475	 -inf
  15	 3654	 319.269	 76.206	 265.529	 93.817	 612.233	 -inf
   9	   71	 278.477	 4.457	 208.591	 256.578	 352.884	 -inf
  38	  810	 83.983	 235.011	 116.872	 88.654	 414.854	 -inf
  40	  600	 267.440	 27.761	 259.900	 -40.163	 417.753	 -inf
  28	 1396	 152.463	 147.761	 47.811	 129.453	 312.684	 -inf
  34	   18	 162.520	 25.003	 355.462	 55.341	 452.084	 -inf
  24	 1395	 285.328	 58.697	 333.472	 106.438	 713.783	 -inf
  38	 1812	 83.983	 235.011	 116.872	 88.654	 414.854	 -inf
  14	 2147	 228.268	 17.390	 212.108	 145.612	 429.416	 -inf
   3	 1058	 226.247	 127.650	 76.673	 133.600	 654.336	 -inf
  43	 2173	 376.534	 187.097	 99.154	 127.742	 488.123	 -inf
  43	 3268	 376.534	 187.097	 99.154	 127.742	 488.123	 -inf
  23	 1476	 -78.253	 158.465	 182.427	 52.186	 453.133	 -inf
  40	  936	 267.440	 27.761	 259.900	 -40.163	 417.753	 -inf
  34	  210	 162.520	 25.003	 355.462	 55.341	 452.084	 -inf
  34	 2150	 162.520	 25.003	 355.462	 55.341	 452.084	 -inf
  14	 3906	 228.268	 17.390	 212.108	 145.612	 429.416	 -inf
  24	 1378	 285.328	 58.697	 333.472	 106.438	 713.783	 -inf
  34	 2133	 162.520	 25.003	 355.462	 55.341	 452.084	 -inf
  11	  927	 130.531	 162.180	 90.020	 162.341	 530.527	 -inf
  34	 2591	 162.520	 25.003	 355.462	 55.341	 452.084	 -inf
  46	  569	 123.269	 167.457	 296.089	 109.247	 619.783	 -inf
  23	  636	 -78.253	 158.465	 182.427	 52.186	 453.133	 -inf
  15	 2465	 319.269	 76.206	 265.529	 93.817	 612.233	 -inf
  14	 2181	 228.268	 17.390	 212.108	 145.612	 429.416	 -inf
  19	  193	 182.582	 146.116	 32.402	 151.013	 592.002	 -inf
  40	 1178	 267.440	 27.761	 259.900	 -40.163	 417.753	 -inf
  34	 2825	 162.520	 25.003	 355.462	 55.341	 452.084	 -inf
  25	 3732	 121.447	 -75.593	 221.479	 135.270	 503.536	 -inf
   9	 1403	 278.477	 4.457	 208.591	 256.578	 352.884	 -inf
  45	 2315	 59.767	 145.112	 80.508	 101.541	 388.513	 -inf
  10	 3346	 116.983	 11.942	 122.090	 212.285	 501.335	 -inf
  10	  570	 116.983	 11.942	 122.090	 212.285	 501.335	 -inf
  38	 3718	 83.983	 235.011	 116.872	 88.654	 414.854	 -inf
  22	 2764	 5.668	 135.249	 126.356	 122.781	 551.507	 -inf
  38	 2919	 83.983	 235.011	 116.872	 88.654	 414.854	 -inf
  14	 1071	 228.268	 17.390	 212.108	 145.612	 429.416	 -inf
   0	 1200	 -79.308	 293.753	 186.633	 -54.459	 705.117	 -inf
  32	 2327	 376.025	 93.935	 -91.350	 -127.757	 422.214	 -inf
  12	  534	 338.878	 33.866	 453.086	 132.458	 565.458	 -inf
  24	  744	 285.328	 58.697	 333.472	 106.438	 713.783	 -inf
  25	  870	 121.447	 -75.593	 221.479	 135.270	 503.536	 -inf
  14	  416	 228.268	 17.390	 212.108	 145.612	 429.416	 -inf
  35	 3267	 235.017	 101.716	 107.086	 170.846	 611.570	 -inf
  10	 1377	 116.983	 11.942	 122.090	 212.285	 501.335	 -inf
  19	 2346	 182.582	 146.116	 32.402	 151.013	 592.002	 -inf
   3	 2313	 226.247	 127.650	 76.673	 133.600	 654.336	 -inf
  40	  715	 267.440	 27.761	 259.900	 -40.163	 417.753	 -inf
  15	   37	 319.269	 76.206	 265.529	 93.817	 612.233	 -inf
  49	  650	 -23.709	 -10.771	 148.228	 -121.939	 505.712	 -inf
  22	 3734	 5.668	 135.249	 126.356	 122.781	 551.507	 -inf
  34	 3258	 162.520	 25.003	 355.462	 55.341	 452.084	 -inf
  32	 3445	 376.025	 93.935	 -91.350	 -127.757	 422.214	 -inf
  12	 1034	 338.878	 33.866	 453.086	 132.458	 565.458	 -inf
  34	 2952	 162.520	 25.003	 355.462	 55.341	 452.084	 -inf
   9	 2704	 278.477	 4.457	 208.591	 256.578	 352.884	 -inf
   3	 3123	 226.247	 127.650	 76.673	 133.600	 654.336	 -inf
  34	  588	 162.520	 25.003	 355.462	 55.341	 452.084	 -inf
   0	 2994	 -79.308	 293.753	 186.633	 -54.459	 705.117	 -inf
  25	 1188	 121.447	 -75.593	 221.479	 135.270	 503.536	 -inf
  10	 2627	 116.983	 11.942	 122.090	 212.285	 501.335	 -inf
  23	 2970	 -78.253	 158.465	 182.427	 52.186	 453.133	 -inf
   9	 1521	 278.477	 4.457	 208.591	 256.578	 352.884	 -inf
  23	 1324	 -78.253	 158.465	 182.427	 52.186	 453.133	 -inf
  12	 1966	 338.878	 33.866	 453.086	 132.458	 565.458	 -inf
   0	  379	 -79.308	 293.753	 186.633	 -54.459	 705.117	 -inf
  35	 2310	 235.017	 101.716	 107.086	 170.846	 611.570	 -inf
   9	 3040	 278.477	 4.457	 208.591	 256.578	 352.884	 -inf
  23	 1669	 -78.253	 158.465	 182.427	 52.186	 453.133	 -inf
  22	 3750	 5.668	 135.249	 126.356	 122.781	 551.507	 -inf
  10	 2482	 116.983	 11.942	 122.090	 212.285	 501.335	 -inf
  11	  409	 130.531	 162.180	 90.020	 162.341	 530.527	 -inf
  40	 1237	 267.440	 27.761	 259.900	 -40.163	 417.753	 -inf
   0	 2791	 -79.308	 293.753	 186.633	 -54.459	 705.117	 -inf
  35	 2055	 235.017	 101.716	 107.086	 170.846	 611.570	 -inf
  24	 3997	 285.328	 58.697	 333.472	 106.438	 713.783	 -inf
  38	 3643	 83.983	 235.011	 116.872	 88.654	 414.854	 -inf
  35	 2878	 235.017	 101.716	 107.086	 170.846	 611.570	 -inf
  32	 1192	 376.025	 93.935	 -91.350	 -127.757	 422.214	 -inf
  24	 1438	 285.328	 58.697	 333.472	 106.438	 713.783	 -inf
   3	 1719	 226.247	 127.650	 76.673	 133.600	 654.336	 -inf
  35	 2589	 235.017	 101.716	 107.086	 170.846	 611.570	 -inf
  12	 1776	 338.878	 33.866	 453.086	 132.458	 565.458	 -inf
  43	 1659	 376.534	 187.097	 99.154	 127.742	 488.123	 -inf
   9	 2348	 278.477	 4.457	 208.591	 256.578	 352.884	 -inf
  32	  595	 376.025	 93.935	 -91.350	 -127.757	 422.214	 -inf
  45	   22	 59.767	 145.112	 80.508	 101.541	 388.513	 -inf
  28	 3356	 152.463	 147.761	 47.811	 129.453	 312.684	 -inf
  40	 1847	 267.440	 27.761	 259.900	 -40.163	 417.753	 -inf
  28	 3999	 152.463	 147.761	 47.811	 129.453	 312.684	 -inf
  45	 1276	 59.767	 145.112	 80.508	 101.541	 388.513	 -inf
  19	 2046	 182.582	 146.116	 32.402	 151.013	 592.002	 -inf
  12	  160	 338.878	 33.866	 453.086	 132.458	 565.458	 -inf
  40	  306	 267.440	 27.761	 259.900	 -40.163	 417.753	 -inf
  28	 3520	 152.463	 147.761	 47.811	 129.453	 312.684	 -inf
  47	   12	 370.459	 204.009	 58.156	 39.466	 563.020	 -inf
   9	 2099	 278.477	 4.457	 208.591	 256.578	 352.884	 -inf
  14	 3416	 228.268	 17.390	 212.108	 145.612	 429.416	 -inf
  38	 2388	 83.983	 235.011	 116.872	 88.654	 414.854	 -inf
  49	 2700	 -23.709	 -10.771	 148.228	 -121.939	 505.712	 -inf
  49	 2302	 -23.709	 -10.771	 148.228	 -121.939	 505.712	 -inf
  40	 1267	 267.440	 27.761	 259.900	 -40.163	 417.753	 -inf
  35	 1954	 235.017	 101.716	 107.086	 170.846	 611.570	 -inf
  40	  289	 267.440	 27.761	 259.900	 -40.163	 417.753	 -inf
   3	 1237	 226.247	 127.650	 76.673	 133.600	 654.336	 -inf
   3	 2535	 226.247	 127.650	 76.673	 133.600	 654.336	 -inf
   2	  147	 279.503	 62.556	 163.405	 170.205	 528.475	 -inf
   0	 2189	 -79.308	 293.753	 186.633	 -54.459	 705.117	 -inf
  43	 3316	 376.534	 187.097	 99.154	 127.742	 488.123	 -inf
  22	 2923	 5.668	 135.249	 126.356	 122.781	 551.507	 -inf
  12	   15	 338.878	 33.866	 453.086	 132.458	 565.458	 -inf
  40	 2953	 267.440	 27.761	 259.900	 -40.163	 417.753	 -inf
   2	  642	 279.503	 62.556	 163.405	 170.205	 528.475	 -inf
  12	 3620	 338.878	 33.866	 453.086	 132.458	 565.458	 -inf
  28	  163	 152.463	 147.761	 47.811	 129.453	 312.684	 -inf
  28	 3557	 152.463	 147.761	 47.811	 129.453	 312.684	 -inf
  25	  571	 121.447	 -75.593	 221.479	 135.270	 503.536	 -inf
  45	 2961	 59.767	 145.112	 80.508	 101.541	 388.513	 -inf
  23	  529	 -78.253	 158.465	 182.427	 52.186	 453.133	 -inf
  28	 2088	 152.463	 147.761	 47.811	 129.453	 312.684	 -inf
   9	 2122	 278.477	 4.457	 208.591	 256.578	 352.884	 -inf
   3	 3917	 226.247	 127.650	 76.673	 133.600	 654.336	 -inf
  43	  423	 376.534	 187.097	 99.154	 127.742	 488.123	 -inf
  32	 2101	 376.025	 93.935	 -91.350	 -127.757	 422.214	 -inf
  43	 2524	 376.534	 187.097	 99.154	 127.742	 488.123	 -inf
   0	 3605	 -79.308	 293.753	 186.633	 -54.459	 705.117	 -inf
  14	 1961	 228.268	 17.390	 212.108	 145.612	 429.416	 -inf
  14	 3574	 228.268	 17.390	 212.108	 145.612	 429.416	 -inf
  49	 2135	 -23.709	 -10.771	 148.228	 -121.939	 505.712	 -inf
  12	 3984	 338.878	 33.866	 453.086	 132.458	 565.458	 -inf
   3	 2089	 226.247	 127.650	 76.673	 133.600	 654.336	 -inf
  21	   91	 180.978	 55.126	 82.755	 -5.749	 593.917	 -inf
  23	 3639	 -78.253	 158.465	 182.427	 52.186	 453.133	 -inf
  28	  814	 152.463	 147.761	 47.811	 129.453	 312.684	 -inf
   0	  690	 -79.308	 293.753	 186.633	 -54.459	 705.117	 -inf
  38	  707	 83.983	 235.011	 116.872	 88.654	 414.854	 -inf
  19	 1742	 182.582	 146.116	 32.402	 151.013	 592.002	 -inf
  19	 1209	 182.582	 146.116	 32.402	 151.013	 592.002	 -inf
  27	 2292	 182.454	 6.609	 96.698	 -92.656	 676.796	 -inf
  38	 3798	 83.983	 235.011	 116.872	 88.654	 414.854	 -inf
  34	 2572	 162.520	 25.003	 355.462	 55.341	 452.084	 -inf
  25	 3127	 121.447	 -75.593	 221.479	 135.270	 503.536	 -inf
  34	 1150	 162.520	 25.003	 355.462	 55.341	 452.084	 -inf
  19	 2896	 182.582	 146.116	 32.402	 151.013	 592.002	 -inf
  23	  900	 -78.253	 158.465	 182.427	 52.186	 453.133	 -inf
  35	 3064	 235.017	 101.716	 107.086	 170.846	 611.570	 -inf
  17	   35	 5.741	 -150.644	 -61.416	 8.836	 627.853	 -inf
  11	  755	 130.531	 162.180	 90.020	 162.341	 530.527	 -inf
  23	  389	 -78.253	 158.465	 182.427	 52.186	 453.133	 -inf
  11	 1743	 130.531	 162.180	 90.020	 162.341	 530.527	 -inf
  22	 3223	 5.668	 135.249	 126.356	 122.781	 551.507	 -inf
  43	 2496	 376.534	 187.097	 99.154	 127.742	 488.123	 -inf
  23	 2914	 -78.253	 158.465	 182.427	 52.186	 453.133	 -inf
  15	 1086	 319.269	 76.206	 265.529	 93.817	 612.233	 -inf
   9	 2553	 278.477	 4.457	 208.591	 256.578	 352.884	 -inf
  14	  128	 228.268	 17.390	 212.108	 145.612	 429.416	 -inf
   0	 3572	 -79.308	 293.753	 186.633	 -54.459	 705.117	 -inf
  28	 3879	 152.463	 147.761	 47.811	 129.453	 312.684	 -inf
  28	  422	 152.463	 147.761	 47.811	 129.453	 312.684	 -inf
  19	  457	 182.582	 146.116	 32.402	 151.013	 592.002	 -inf
  32	  717	 376.025	 93.935	 -91.350	 -127.757	 422.214	 -inf
  22	 3462	 5.668	 135.249	 126.356	 122.781	 551.507	 -inf
  32	   37	 376.025	 93.935	 -91.350	 -127.757	 422.214	 -inf
