102.33391275140991 121.79330920110846
100.97532544139355 122.42621726454166
102.33391275140991 121.79330920110846
89.51942770281467 122.73561560664598
102.33391275140991 123.35023534765553
103.62885194793307 123.35023534765553
102.33391275140991 122.73561560664598
98.05925893206077 122.11277742509753
91.3759255144519 123.35023534765553
102.33391275140991 121.79330920110846
100.97532544139355 122.11277742509753
102.33391275140991 122.42621726454166
93.15812613673482 123.04295933861556
94.86475732229388 122.11277742509753
93.15812613673482 121.4658257053693
94.86475732229388 123.04295933861556
93.15812613673482 121.4658257053693
89.51942770281467 121.79330920110846
93.15812613673482 122.73561560664598
93.15812613673482 123.659430520971
99.55110313067888 121.79330920110846
91.3759255144519 122.42621726454166
102.33391275140991 122.73561560664598
102.33391275140991 122.11277742509753
93.15812613673482 122.42621726454166
100.97532544139355 122.11277742509753
102.33391275140991 121.79330920110846
98.05925893206077 123.35023534765553
91.3759255144519 122.42621726454166
93.15812613673482 123.04295933861556
102.33391275140991 121.4658257053693
94.86475732229388 122.42621726454166
102.33391275140991 122.73561560664598
102.33391275140991 122.73561560664598
100.97532544139355 121.79330920110846
96.49780595833415 123.35023534765553
98.05925893206077 121.79330920110846
94.86475732229388 121.79330920110846
93.15812613673482 121.79330920110846
96.49780595833415 122.42621726454166
98.05925893206077 122.73561560664598
99.55110313067888 122.11277742509753
89.51942770281467 121.79330920110846
100.97532544139355 122.73561560664598
102.33391275140991 123.04295933861556
96.49780595833415 122.42621726454166
93.15812613673482 122.73561560664598
103.62885194793307 122.73561560664598
103.62885194793307 122.73561560664598
98.05925893206077 123.35023534765553
100.97532544139355 122.42621726454166
91.3759255144519 122.73561560664598
96.49780595833415 123.35023534765553
96.49780595833415 123.04295933861556
96.49780595833415 123.04295933861556
98.05925893206077 123.04295933861556
89.51942770281467 123.04295933861556
89.51942770281467 123.35023534765553
98.05925893206077 123.35023534765553
102.33391275140991 123.35023534765553
94.86475732229388 121.79330920110846
102.33391275140991 122.11277742509753
98.05925893206077 121.4658257053693
91.3759255144519 122.11277742509753
99.55110313067888 123.04295933861556
98.05925893206077 121.4658257053693
98.05925893206077 123.35023534765553
99.55110313067888 122.11277742509753
91.3759255144519 123.35023534765553
103.62885194793307 123.35023534765553
96.49780595833415 122.42621726454166
94.86475732229388 123.04295933861556
96.49780595833415 123.04295933861556
102.33391275140991 121.79330920110846
91.3759255144519 121.4658257053693
94.86475732229388 123.04295933861556
91.3759255144519 122.11277742509753
100.97532544139355 123.04295933861556
99.55110313067888 122.42621726454166
89.51942770281467 122.73561560664598
100.97532544139355 121.79330920110846
96.49780595833415 121.4658257053693
99.55110313067888 123.04295933861556
98.05925893206077 123.659430520971
99.55110313067888 121.4658257053693
94.86475732229388 123.04295933861556
102.33391275140991 121.79330920110846
100.97532544139355 122.73561560664598
100.97532544139355 122.73561560664598
98.05925893206077 122.42621726454166
98.05925893206077 122.11277742509753
94.86475732229388 122.42621726454166
94.86475732229388 122.73561560664598
100.97532544139355 122.73561560664598
96.49780595833415 123.04295933861556
96.49780595833415 123.659430520971
93.15812613673482 121.4658257053693
98.05925893206077 121.79330920110846
96.49780595833415 122.11277742509753
96.49780595833415 123.35023534765553
93.15812613673482 122.73561560664598
89.51942770281467 123.35023534765553
94.86475732229388 123.659430520971
96.49780595833415 122.42621726454166
102.33391275140991 122.73561560664598
102.33391275140991 122.73561560664598
99.55110313067888 123.04295933861556
94.86475732229388 122.11277742509753
100.97532544139355 121.4658257053693
102.33391275140991 122.42621726454166
102.33391275140991 122.42621726454166
99.55110313067888 121.4658257053693
98.05925893206077 121.79330920110846
93.15812613673482 123.35023534765553
96.49780595833415 123.04295933861556
96.49780595833415 123.04295933861556
99.55110313067888 121.79330920110846
93.15812613673482 121.79330920110846
96.49780595833415 123.04295933861556
93.15812613673482 122.73561560664598
94.86475732229388 122.11277742509753
91.3759255144519 121.79330920110846
91.3759255144519 121.79330920110846
100.97532544139355 121.79330920110846
102.33391275140991 122.42621726454166
99.55110313067888 123.04295933861556
102.33391275140991 122.73561560664598
99.55110313067888 122.73561560664598
99.55110313067888 123.04295933861556
91.3759255144519 121.79330920110846
91.3759255144519 123.04295933861556
93.15812613673482 122.11277742509753
102.33391275140991 121.4658257053693
96.49780595833415 122.42621726454166
94.86475732229388 123.04295933861556
94.86475732229388 123.04295933861556
91.3759255144519 123.35023534765553
99.55110313067888 122.11277742509753
91.3759255144519 122.11277742509753
93.15812613673482 123.04295933861556
98.05925893206077 123.35023534765553
93.15812613673482 122.42621726454166
93.15812613673482 122.42621726454166
93.15812613673482 122.42621726454166
96.49780595833415 122.11277742509753
99.55110313067888 122.73561560664598
93.15812613673482 122.73561560664598
100.97532544139355 121.4658257053693
94.86475732229388 122.11277742509753
91.3759255144519 122.11277742509753
98.05925893206077 122.11277742509753
91.3759255144519 123.35023534765553
99.55110313067888 122.73561560664598
103.62885194793307 122.42621726454166
91.3759255144519 123.04295933861556
102.33391275140991 122.42621726454166
96.49780595833415 122.11277742509753
98.05925893206077 123.35023534765553
93.15812613673482 123.659430520971
93.15812613673482 122.42621726454166
96.49780595833415 121.79330920110846
93.15812613673482 121.79330920110846
100.97532544139355 121.79330920110846
99.55110313067888 122.42621726454166
93.15812613673482 121.4658257053693
96.49780595833415 121.79330920110846
96.49780595833415 123.659430520971
100.97532544139355 122.11277742509753
91.3759255144519 123.659430520971
91.3759255144519 123.659430520971
91.3759255144519 123.659430520971
96.49780595833415 122.11277742509753
96.49780595833415 121.4658257053693
91.3759255144519 121.79330920110846
102.33391275140991 123.35023534765553
102.33391275140991 121.79330920110846
100.97532544139355 121.4658257053693
94.86475732229388 122.73561560664598
98.05925893206077 123.35023534765553
94.86475732229388 123.04295933861556
99.55110313067888 123.04295933861556
91.3759255144519 122.73561560664598
91.3759255144519 122.11277742509753
103.62885194793307 123.04295933861556
100.97532544139355 123.35023534765553
100.97532544139355 122.73561560664598
96.49780595833415 122.73561560664598
100.97532544139355 123.35023534765553
96.49780595833415 122.42621726454166
91.3759255144519 122.73561560664598
100.97532544139355 122.73561560664598
94.86475732229388 123.04295933861556
93.15812613673482 122.42621726454166
98.05925893206077 123.35023534765553
96.49780595833415 122.11277742509753
98.05925893206077 122.42621726454166
93.15812613673482 122.11277742509753
96.49780595833415 123.04295933861556
94.86475732229388 122.42621726454166
102.33391275140991 122.42621726454166
96.49780595833415 123.35023534765553
96.49780595833415 122.73561560664598
98.05925893206077 121.4658257053693
94.86475732229388 122.42621726454166
99.55110313067888 123.04295933861556
98.05925893206077 123.04295933861556
96.49780595833415 122.42621726454166
94.86475732229388 123.35023534765553
99.55110313067888 121.79330920110846
103.62885194793307 122.73561560664598
91.3759255144519 122.42621726454166
99.55110313067888 122.73561560664598
93.15812613673482 123.659430520971
91.3759255144519 122.73561560664598
91.3759255144519 123.35023534765553
93.15812613673482 121.4658257053693
103.62885194793307 121.79330920110846
100.97532544139355 122.73561560664598
100.97532544139355 122.73561560664598
93.15812613673482 122.42621726454166
102.33391275140991 123.04295933861556
96.49780595833415 122.42621726454166
102.33391275140991 122.73561560664598
91.3759255144519 121.79330920110846
93.15812613673482 121.4658257053693
94.86475732229388 122.11277742509753
89.51942770281467 123.35023534765553
89.51942770281467 123.35023534765553
93.15812613673482 122.42621726454166
100.97532544139355 122.73561560664598
99.55110313067888 122.42621726454166
103.62885194793307 121.4658257053693
98.05925893206077 123.04295933861556
94.86475732229388 122.42621726454166
91.3759255144519 121.79330920110846
99.55110313067888 121.79330920110846
98.05925893206077 123.04295933861556
100.97532544139355 123.659430520971
93.15812613673482 123.35023534765553
99.55110313067888 123.35023534765553
98.05925893206077 123.04295933861556
96.49780595833415 123.04295933861556
102.33391275140991 122.11277742509753
91.3759255144519 121.79330920110846
91.3759255144519 121.79330920110846
94.86475732229388 122.73561560664598
91.3759255144519 122.11277742509753
102.33391275140991 122.11277742509753
91.3759255144519 122.11277742509753
99.55110313067888 123.659430520971
94.86475732229388 122.11277742509753
99.55110313067888 121.79330920110846
98.05925893206077 121.79330920110846
98.05925893206077 121.79330920110846
89.51942770281467 122.42621726454166
94.86475732229388 122.11277742509753
98.05925893206077 123.04295933861556
94.86475732229388 123.659430520971
94.86475732229388 123.04295933861556
94.86475732229388 123.659430520971
91.3759255144519 122.73561560664598
91.3759255144519 123.35023534765553
94.86475732229388 122.42621726454166
94.86475732229388 123.659430520971
93.15812613673482 123.04295933861556
93.15812613673482 121.79330920110846
100.97532544139355 121.79330920110846
89.51942770281467 123.35023534765553
99.55110313067888 123.35023534765553
94.86475732229388 123.04295933861556
102.33391275140991 123.35023534765553
102.33391275140991 123.35023534765553
93.15812613673482 122.73561560664598
98.05925893206077 123.04295933861556
93.15812613673482 122.42621726454166
93.15812613673482 122.42621726454166
100.97532544139355 122.42621726454166
100.97532544139355 122.11277742509753
93.15812613673482 122.73561560664598
93.15812613673482 122.73561560664598
99.55110313067888 122.42621726454166
99.55110313067888 121.4658257053693
91.3759255144519 122.42621726454166
98.05925893206077 121.4658257053693
93.15812613673482 123.659430520971
89.51942770281467 121.4658257053693
93.15812613673482 122.73561560664598
102.33391275140991 121.4658257053693
96.49780595833415 123.659430520971
91.3759255144519 122.73561560664598
102.33391275140991 121.79330920110846
99.55110313067888 123.659430520971
100.97532544139355 123.35023534765553
96.49780595833415 121.79330920110846
94.86475732229388 123.04295933861556
94.86475732229388 123.04295933861556
93.15812613673482 122.42621726454166
98.05925893206077 122.73561560664598
89.51942770281467 121.4658257053693
93.15812613673482 121.4658257053693
100.97532544139355 121.4658257053693
91.3759255144519 122.73561560664598
96.49780595833415 123.659430520971
100.97532544139355 121.79330920110846
91.3759255144519 123.35023534765553
93.15812613673482 122.11277742509753
102.33391275140991 123.35023534765553
99.55110313067888 123.35023534765553
89.51942770281467 122.73561560664598
102.33391275140991 122.73561560664598
91.3759255144519 122.42621726454166
102.33391275140991 123.04295933861556
99.55110313067888 122.11277742509753
100.97532544139355 123.659430520971
96.49780595833415 121.79330920110846
98.05925893206077 123.04295933861556
94.86475732229388 123.35023534765553
89.51942770281467 123.35023534765553
98.05925893206077 122.73561560664598
100.97532544139355 122.11277742509753
94.86475732229388 123.04295933861556
94.86475732229388 123.04295933861556
91.3759255144519 121.79330920110846
99.55110313067888 122.42621726454166
94.86475732229388 121.4658257053693
91.3759255144519 122.73561560664598
91.3759255144519 122.42621726454166
94.86475732229388 121.79330920110846
96.49780595833415 121.79330920110846
93.15812613673482 121.79330920110846
98.05925893206077 123.35023534765553
89.51942770281467 122.42621726454166
91.3759255144519 123.35023534765553
98.05925893206077 122.11277742509753
102.33391275140991 121.4658257053693
99.55110313067888 123.04295933861556
99.55110313067888 123.35023534765553
99.55110313067888 123.04295933861556
91.3759255144519 123.35023534765553
91.3759255144519 121.4658257053693
102.33391275140991 123.35023534765553
102.33391275140991 123.04295933861556
98.05925893206077 121.4658257053693
91.3759255144519 121.4658257053693
102.33391275140991 123.659430520971
102.33391275140991 123.35023534765553
99.55110313067888 123.35023534765553
91.3759255144519 123.04295933861556
91.3759255144519 123.659430520971
96.49780595833415 121.79330920110846
89.51942770281467 123.35023534765553
89.51942770281467 123.35023534765553
89.51942770281467 122.42621726454166
100.97532544139355 123.04295933861556
94.86475732229388 121.4658257053693
98.05925893206077 121.4658257053693
98.05925893206077 121.4658257053693
99.55110313067888 122.11277742509753
94.86475732229388 123.04295933861556
100.97532544139355 123.04295933861556
102.33391275140991 122.11277742509753
94.86475732229388 122.42621726454166
91.3759255144519 122.73561560664598
100.97532544139355 121.79330920110846
91.3759255144519 121.4658257053693
96.49780595833415 122.42621726454166
100.97532544139355 123.04295933861556
93.15812613673482 121.79330920110846
99.55110313067888 123.35023534765553
98.05925893206077 123.35023534765553
89.51942770281467 121.4658257053693
98.05925893206077 123.35023534765553
91.3759255144519 123.35023534765553
98.05925893206077 122.73561560664598
98.05925893206077 121.79330920110846
98.05925893206077 123.35023534765553
93.15812613673482 122.73561560664598
91.3759255144519 122.73561560664598
96.49780595833415 123.35023534765553
102.33391275140991 122.73561560664598
94.86475732229388 123.04295933861556
99.55110313067888 122.42621726454166
94.86475732229388 123.659430520971
91.3759255144519 122.42621726454166
102.33391275140991 123.35023534765553
93.15812613673482 122.11277742509753
96.49780595833415 122.11277742509753
102.33391275140991 123.659430520971
91.3759255144519 123.35023534765553
102.33391275140991 122.11277742509753
103.62885194793307 121.4658257053693
100.97532544139355 124.95514060109014
91.3759255144519 121.4658257053693
94.86475732229388 125.3037349038598
102.33391275140991 122.42621726454166
91.3759255144519 123.659430520971
103.62885194793307 121.4658257053693
99.55110313067888 126.04443185912277
98.05925893206077 123.04295933861556
89.51942770281467 126.04443185912277
102.33391275140991 122.73561560664598
94.86475732229388 121.79330920110846
98.05925893206077 123.9725317457671
102.33391275140991 127.29405147440295
91.3759255144519 124.95514060109014
98.05925893206077 123.9725317457671
102.33391275140991 126.04443185912277
98.05925893206077 123.659430520971
94.86475732229388 124.95514060109014
99.55110313067888 124.29152590924889
93.15812613673482 126.44050828602627
99.55110313067888 126.44050828602627
103.62885194793307 122.73561560664598
98.05925893206077 123.9725317457671
100.97532544139355 124.95514060109014
99.55110313067888 122.73561560664598
89.51942770281467 125.66616969413563
100.97532544139355 126.04443185912277
99.55110313067888 124.61839989862155
99.55110313067888 124.61839989862155
91.3759255144519 124.29152590924889
99.55110313067888 124.29152590924889
103.62885194793307 126.44050828602627
99.55110313067888 127.29405147440295
96.49780595833415 121.4658257053693
91.3759255144519 123.35023534765553
91.3759255144519 124.29152590924889
89.51942770281467 126.8563858620513
102.33391275140991 123.659430520971
99.55110313067888 126.44050828602627
100.97532544139355 123.35023534765553
91.3759255144519 124.61839989862155
99.55110313067888 127.29405147440295
93.15812613673482 121.4658257053693
94.86475732229388 123.04295933861556
93.15812613673482 121.79330920110846
98.05925893206077 124.95514060109014
93.15812613673482 124.29152590924889
98.05925893206077 124.29152590924889
99.55110313067888 123.35023534765553
98.05925893206077 122.73561560664598
102.33391275140991 122.73561560664598
94.86475732229388 126.8563858620513
89.51942770281467 124.61839989862155
89.51942770281467 122.73561560664598
89.51942770281467 123.35023534765553
89.51942770281467 123.659430520971
89.51942770281467 123.659430520971
102.33391275140991 126.8563858620513
102.33391275140991 123.35023534765553
89.51942770281467 124.95514060109014
102.33391275140991 123.35023534765553
91.3759255144519 122.73561560664598
99.55110313067888 124.95514060109014
93.15812613673482 123.04295933861556
91.3759255144519 127.29405147440295
93.15812613673482 124.61839989862155
98.05925893206077 126.44050828602627
102.33391275140991 125.3037349038598
98.05925893206077 126.44050828602627
100.97532544139355 123.9725317457671
100.97532544139355 124.61839989862155
89.51942770281467 131.13467430323942
93.15812613673482 129.87874113323952
89.51942770281467 130.48885959485824
100.97532544139355 120.41541471560036
103.62885194793307 123.35023534765553
110.17314242720113 121.79330920110846
111.07817767101498 121.79330920110846
93.15812613673482 118.3189814918405
91.3759255144519 119.63863809824375
111.07817767101498 121.79330920110846
94.86475732229388 118.3189814918405
106.03573354932024 123.04295933861556
109.21836728032982 121.79330920110846
102.33391275140991 124.29152590924889
102.33391275140991 120.77886534982039
93.15812613673482 126.04443185912277
99.55110313067888 132.54134000910938
77.23510403989756 122.73561560664598
99.55110313067888 118.3189814918405
102.33391275140991 125.66616969413563
98.05925893206077 118.78211510096418
96.49780595833415 126.04443185912277
108.21186534319594 123.04295933861556
83.80681854536786 123.04295933861556
93.15812613673482 122.11277742509753
104.86212991816816 122.73561560664598
100.97532544139355 123.659430520971
100.97532544139355 130.48885959485824
99.55110313067888 123.659430520971
89.51942770281467 127.29405147440295
89.51942770281467 127.29405147440295
106.03573354932024 123.04295933861556
81.97824098722273 124.29152590924889
106.03573354932024 125.66616969413563
114.24065735979866 123.04295933861556
78.65662109461744 124.29152590924889
106.03573354932024 119.63863809824375
107.15164972859448 119.22133834069687
