  44	 3907	 385.493	 106.464	 340.330	 15.922	 986.863	 -6.571
  21	 2521	 385.796	 153.849	 331.116	 16.767	 1482.861	 -6.650
   5	  118	 361.051	 230.040	 325.595	 17.723	 294.920	 -6.694
  46	 3519	 340.887	 829.299	 331.621	 17.600	 3113.659	 -6.708
  20	 3888	 344.792	 793.419	 343.344	 19.325	 4841.776	 -6.716
  44	 2882	 369.196	 695.635	 322.776	 13.630	 2789.872	 -6.735
   5	 3882	 339.297	 308.908	 333.437	 15.739	 2810.878	 -6.746
  20	 2568	 373.127	 977.600	 321.982	 9.000	 3100.015	 -6.751
   8	 1483	 336.232	 448.613	 318.365	 17.977	 2169.570	 -6.753
  44	 3708	 388.479	 147.536	 334.673	 8.497	 4355.631	 -6.776
  18	 1349	 371.627	 377.079	 339.223	 6.703	 1603.183	 -6.785
  41	 3914	 330.591	 295.085	 329.154	 16.200	 3412.548	 -6.796
  47	 3784	 327.847	 402.157	 342.819	 16.698	 2618.152	 -6.797
  13	 1965	 366.101	 628.982	 311.532	 7.510	 4258.629	 -6.798
  39	 1113	 381.174	 678.718	 332.181	 17.478	 1231.725	 -6.810
  44	 3393	 382.922	 406.120	 334.805	 4.532	 2801.807	 -6.820
  26	  776	 357.600	 325.538	 357.913	 15.126	 1425.326	 -6.820
  31	 3690	 378.985	 905.186	 348.653	 12.046	 3236.973	 -6.821
   8	 2253	 392.351	 559.422	 324.503	 9.140	 3241.416	 -6.824
  29	  522	 323.149	 405.568	 333.901	 15.701	 303.553	 -6.832
  36	 2620	 337.788	 441.469	 357.074	 14.143	 3300.351	 -6.840
  26	 3833	 354.395	 134.400	 319.062	 8.086	 1093.277	 -6.840
   4	 3192	 392.762	 443.691	 322.830	 11.516	 3256.160	 -6.844
  44	 3408	 351.174	 491.714	 329.324	 5.960	 2447.414	 -6.849
   5	 3209	 394.706	 336.226	 335.268	 5.333	 1711.443	 -6.851
  47	 2236	 345.380	 979.715	 336.242	 7.188	 4254.103	 -6.859
  33	 3492	 397.211	 280.165	 333.297	 8.081	 1744.255	 -6.865
  30	  305	 364.009	 336.893	 299.624	 14.750	 579.525	 -6.883
  20	 3094	 356.259	 984.421	 299.372	 19.344	 3155.399	 -6.884
   1	 1716	 422.852	 144.016	 341.279	 15.259	 1752.915	 -6.884
  29	 2820	 370.863	 267.367	 364.411	 19.671	 528.389	 -6.886
  29	 2328	 362.418	 803.379	 359.830	 8.017	 3126.772	 -6.890
  20	 2016	 381.339	 811.216	 355.939	 7.084	 3321.460	 -6.895
   5	 2807	 326.714	 272.210	 311.234	 16.660	 1576.571	 -6.897
  18	  661	 382.707	 235.069	 301.585	 19.987	 3254.907	 -6.898
  44	 1577	 325.921	 479.515	 322.212	 11.833	 2497.273	 -6.899
   5	  931	 352.741	 688.564	 370.724	 15.769	 3782.234	 -6.910
  41	 1422	 344.701	 837.190	 367.109	 12.762	 4518.211	 -6.912
  33	 2798	 388.296	 780.074	 332.242	 1.538	 880.909	 -6.917
   4	 1571	 405.179	 590.552	 315.662	 8.075	 455.839	 -6.925
   7	  735	 381.233	 982.037	 298.211	 12.386	 1454.035	 -6.934
  42	 1220	 329.765	 254.218	 309.073	 13.512	 4218.589	 -6.940
   4	 2603	 356.882	 959.227	 374.722	 18.006	 4243.643	 -6.956
  46	 2574	 355.698	 546.208	 307.517	 3.793	 1379.325	 -6.965
   5	 3495	 340.200	 422.077	 341.169	 5.998	 2783.601	 -6.974
  16	  337	 304.527	 945.181	 324.670	 19.255	 553.616	 -6.985
  46	 3269	 408.048	 476.445	 330.135	 13.274	 3209.390	 -6.986
  26	  988	 348.212	 671.601	 310.919	 4.282	 3806.440	 -6.988
  36	  231	 329.708	 203.848	 299.683	 17.764	 625.990	 -6.989
   8	 3056	 322.748	 540.630	 368.690	 16.276	 906.344	 -6.990
  39	 1122	 406.323	 639.047	 318.602	 15.189	 1574.419	 -6.998
  33	 1631	 383.921	 594.297	 366.693	 13.887	 4772.938	 -7.000
   1	 1271	 406.599	 639.966	 322.555	 15.759	 4961.712	 -7.000
  44	 2018	 393.343	 699.649	 358.183	 14.569	 2989.611	 -7.000
   4	 3227	 381.266	 530.078	 369.122	 12.371	 2391.822	 -7.001
  42	 1850	 373.378	 281.818	 369.790	 7.636	 3854.429	 -7.003
   1	 3183	 402.936	 288.965	 348.339	 14.160	 4480.606	 -7.010
  39	 1410	 385.301	 962.126	 291.307	 9.342	 1061.927	 -7.022
  20	  805	 315.138	 827.921	 336.765	 12.267	 3593.931	 -7.025
  16	 2137	 409.384	 738.248	 347.937	 2.755	 2906.403	 -7.025
  42	  312	 320.379	 328.669	 339.317	 10.455	 1602.510	 -7.026
  18	  935	 345.047	 345.487	 332.306	 3.665	 2579.137	 -7.034
  31	 3540	 392.201	 354.871	 293.607	 10.707	 136.400	 -7.038
  18	 3655	 387.597	 198.736	 322.665	 0.205	 1458.312	 -7.046
  26	 2166	 326.465	 292.183	 296.158	 16.198	 3551.045	 -7.049
  33	 3581	 418.166	 999.387	 327.163	 11.420	 3262.386	 -7.059
  16	  827	 318.624	 611.879	 352.108	 11.446	 549.582	 -7.060
   8	 1464	 337.121	 358.805	 288.634	 18.979	 2079.906	 -7.061
  42	 2442	 451.699	 117.818	 345.640	 15.586	 1627.453	 -7.068
  39	 1866	 343.536	 369.743	 381.787	 13.050	 881.740	 -7.072
   1	  890	 329.346	 129.488	 380.374	 16.960	 1133.727	 -7.081
  44	 1235	 367.648	 675.991	 382.300	 9.887	 2836.393	 -7.104
  36	 2279	 399.250	 107.661	 284.242	 8.209	 1953.465	 -7.110
   5	 3529	 349.790	 318.257	 300.326	 3.016	 2831.804	 -7.119
  17	 3118	 351.620	 360.088	 370.438	 5.338	 437.398	 -7.119
   4	 3946	 296.124	 850.756	 319.289	 19.946	 3374.456	 -7.123
  47	 3869	 430.111	 485.762	 336.047	 1.845	 4861.448	 -7.137
  48	 1936	 398.290	 816.606	 293.457	 16.668	 3998.200	 -7.143
  21	 3708	 372.386	 577.478	 287.995	 1.995	 3480.555	 -7.145
  46	 1597	 417.935	 104.278	 395.020	 16.491	 2976.752	 -7.146
  48	 3037	 398.271	 540.377	 295.165	 19.405	 4659.240	 -7.162
  30	 3093	 427.495	 565.263	 347.981	 3.128	 3916.008	 -7.174
  46	 3332	 355.038	 768.659	 281.843	 6.948	 3216.207	 -7.180
  36	 1026	 323.110	 457.092	 313.845	 6.760	 2397.309	 -7.183
  33	  813	 378.961	 578.151	 387.066	 11.078	 2603.728	 -7.205
  16	 1419	 374.489	 344.020	 279.447	 13.907	 4748.029	 -7.221
   1	 2035	 347.860	 557.092	 378.003	 5.505	 221.777	 -7.227
  31	 1454	 340.484	 818.110	 293.691	 4.160	 107.246	 -7.228
  30	 2804	 370.314	 846.506	 277.178	 9.743	 3622.743	 -7.230
  48	 2698	 346.021	 782.225	 374.225	 4.915	 4064.184	 -7.234
  41	 3302	 323.153	 917.067	 395.488	 18.888	 3768.589	 -7.242
   4	  489	 314.361	 314.208	 288.219	 18.489	 1780.129	 -7.254
  33	 3136	 428.753	 270.957	 295.868	 6.174	 3068.490	 -7.261
  13	 2575	 390.622	 865.751	 383.861	 15.695	 1731.869	 -7.267
  46	 3810	 357.386	 646.257	 379.319	 3.729	 4119.917	 -7.275
  21	 3137	 417.240	 818.852	 360.857	 15.081	 1781.295	 -7.275
  47	 1022	 432.378	 744.033	 352.463	 1.054	 1861.202	 -7.278
  16	 2354	 400.967	 685.484	 282.863	 12.553	 1109.278	 -7.279
  21	 3904	 405.134	 600.106	 373.199	 1.454	 1762.334	 -7.290
   1	 2645	 291.918	 566.208	 362.496	 19.247	 1259.364	 -7.292
  41	 1562	 295.468	 735.984	 320.216	 15.100	 1908.354	 -7.299
  47	 3429	 365.296	 463.412	 398.271	 17.712	 2359.452	 -7.302
  41	 1519	 360.716	 928.202	 384.844	 4.030	 4008.429	 -7.309
  36	 1883	 446.305	 588.994	 309.666	 4.040	 1564.152	 -7.317
  44	  749	 435.016	 398.025	 322.022	 16.144	 1214.800	 -7.325
   5	  793	 445.965	 397.805	 336.884	 5.172	 2294.112	 -7.331
  48	 2050	 435.777	 882.247	 338.425	 14.837	 4615.737	 -7.337
   1	 2045	 345.702	 691.033	 402.802	 13.194	 269.574	 -7.345
   4	  241	 445.147	 371.164	 324.900	 9.415	 287.079	 -7.348
  39	 3240	 327.324	 186.129	 283.620	 12.801	 3520.035	 -7.367
   7	 3959	 386.972	 169.023	 390.411	 4.128	 4587.746	 -7.380
   8	 1878	 441.184	 498.486	 351.945	 0.251	 1925.732	 -7.392
  46	 3717	 375.707	 874.022	 270.175	 10.477	 4868.797	 -7.406
  30	 1415	 419.838	 385.164	 373.465	 12.367	 565.558	 -7.420
  17	 1254	 332.398	 335.480	 394.214	 8.902	 1142.556	 -7.421
  42	 3711	 290.328	 392.762	 309.767	 16.113	 2466.551	 -7.439
  36	 1100	 305.835	 749.060	 343.679	 8.374	 4415.320	 -7.449
  36	 3281	 457.234	 524.418	 318.974	 6.788	 3799.029	 -7.462
  18	 1332	 345.919	 229.906	 269.112	 15.461	 926.834	 -7.478
  30	 3517	 468.350	 109.320	 343.764	 6.514	 1868.205	 -7.483
  46	 1419	 427.329	 675.845	 283.881	 12.025	 3437.797	 -7.486
   4	  903	 461.568	 521.733	 332.364	 0.539	 1618.899	 -7.488
  42	 3737	 303.056	 255.933	 296.791	 12.470	 1970.274	 -7.495
  41	  784	 440.510	 971.759	 359.190	 11.708	 3089.106	 -7.509
  17	 1421	 422.245	 823.669	 375.280	 15.921	 4198.347	 -7.512
  30	 2676	 401.086	 690.968	 394.186	 14.581	 4560.880	 -7.512
   6	 2703	 417.049	 534.490	 383.300	 1.142	 3165.570	 -7.516
  39	  352	 459.724	 269.137	 322.920	 8.956	 1492.165	 -7.534
  31	 3609	 465.724	 450.515	 318.006	 6.052	 1596.252	 -7.566
  13	 3661	 435.066	 941.761	 365.028	 17.507	 1501.526	 -7.582
  30	 1968	 346.024	 750.799	 387.730	 2.792	 4896.570	 -7.586
  41	 1452	 322.263	 853.703	 412.259	 14.160	 4526.405	 -7.602
   5	 2197	 303.994	 791.841	 316.218	 6.895	 392.798	 -7.608
  30	  546	 366.536	 740.242	 263.028	 14.529	 533.188	 -7.611
  26	 1980	 455.119	 602.080	 340.548	 15.340	 3277.141	 -7.615
  44	 1795	 321.366	 110.948	 283.241	 10.000	 770.332	 -7.652
   1	 1278	 473.471	 611.656	 331.246	 3.035	 2713.055	 -7.657
  33	  916	 391.404	 121.021	 262.851	 19.995	 294.470	 -7.658
  48	  206	 411.340	 214.098	 268.480	 19.730	 620.463	 -7.671
   6	 3534	 368.931	 968.265	 419.864	 19.038	 2444.568	 -7.683
  29	 3440	 437.208	 344.612	 276.639	 8.947	 3638.187	 -7.684
  18	 1981	 474.380	 965.768	 338.721	 2.067	 2859.241	 -7.698
   1	 1192	 463.151	 481.368	 308.376	 15.259	 3260.248	 -7.699
  20	 1788	 374.129	 571.886	 260.539	 16.610	 3797.049	 -7.730
  48	 3467	 408.549	 231.806	 263.795	 8.565	 4015.487	 -7.737
  44	 2898	 478.410	 815.038	 320.552	 6.048	 3471.767	 -7.742
   7	 3228	 304.241	 396.877	 268.838	 18.762	 1602.596	 -7.770
  20	  846	 298.927	 993.430	 411.582	 18.074	 4234.990	 -7.773
  39	 3453	 442.390	 572.263	 269.852	 0.867	 2059.586	 -7.775
  39	  363	 484.122	 201.685	 317.012	 1.853	 1484.498	 -7.775
  29	 1565	 452.647	 360.994	 289.448	 18.818	 4712.270	 -7.781
  37	 3681	 469.201	 685.234	 344.745	 11.568	 4366.143	 -7.786
  26	 2993	 335.311	 743.022	 420.996	 9.386	 1078.794	 -7.800
  20	 2237	 341.744	 744.474	 426.854	 10.400	 1747.834	 -7.828
  18	 3597	 414.062	 627.550	 259.367	 2.055	 3230.595	 -7.832
  29	 1583	 456.872	 375.407	 289.041	 19.955	 4856.959	 -7.853
  41	 2509	 486.799	 868.307	 328.439	 5.380	 4381.216	 -7.871
  18	 3368	 481.855	 583.384	 303.993	 10.726	 2269.530	 -7.896
   7	 2517	 445.483	 703.269	 271.375	 9.926	 299.249	 -7.897
   7	  904	 285.957	 884.605	 393.630	 15.933	 1074.632	 -7.911
   5	 1758	 296.460	 405.202	 362.051	 7.526	 3000.800	 -7.915
  46	 3648	 396.226	 668.610	 254.930	 7.277	 4437.916	 -7.917
  47	  826	 493.512	 597.758	 307.922	 5.094	 3842.313	 -7.966
  29	 1958	 323.752	 412.850	 257.421	 11.472	 4344.714	 -7.971
  42	 2898	 415.577	 374.546	 410.287	 15.683	 4081.658	 -7.988
  17	 1595	 473.257	 627.887	 371.070	 1.641	 1276.718	 -8.007
  17	 1592	 473.257	 627.887	 371.070	 1.641	 1276.718	 -8.007
  47	 2299	 293.557	 733.424	 354.778	 7.130	 2260.505	 -8.009
   8	 1856	 482.438	 282.977	 366.505	 0.118	 2590.676	 -8.098
  29	 3944	 471.933	 472.525	 378.097	 4.722	 3785.101	 -8.118
  31	 3500	 405.765	 704.999	 250.720	 7.069	 1237.777	 -8.124
  48	  836	 367.447	 626.897	 247.177	 5.254	 1076.009	 -8.141
  26	  589	 460.435	 220.613	 392.563	 11.340	 3633.625	 -8.207
  46	 1199	 446.776	 754.028	 405.729	 0.798	 2957.645	 -8.213
  17	 3757	 327.384	 517.497	 448.917	 14.527	 2243.636	 -8.218
  37	 3283	 421.569	 611.801	 251.386	 7.884	 3523.217	 -8.230
  30	 3506	 484.878	 333.566	 273.211	 3.944	 3347.446	 -8.237
  21	 2864	 457.072	 125.528	 419.878	 13.814	 1576.607	 -8.240
  21	   91	 305.370	 180.807	 260.771	 14.507	 451.117	 -8.252
   6	  474	 501.527	 467.712	 330.730	 18.209	 2076.583	 -8.277
  48	 2769	 337.539	 335.548	 446.515	 9.240	 4739.423	 -8.280
  39	 3174	 508.106	 245.363	 294.934	 14.576	 4611.473	 -8.290
  47	 2265	 269.576	 705.400	 317.104	 12.740	 3106.474	 -8.303
  48	 2944	 379.518	 320.355	 245.855	 17.998	 2493.906	 -8.321
  26	 1832	 493.295	 789.698	 282.022	 15.463	 4967.849	 -8.334
  21	  198	 534.526	 159.347	 297.433	 16.992	 330.717	 -8.379
  18	  420	 414.029	 233.431	 244.361	 3.509	 1484.320	 -8.385
  36	  261	 266.102	 239.291	 321.664	 15.150	 296.695	 -8.386
   7	 3077	 269.031	 788.627	 328.246	 11.575	 1166.564	 -8.425
   8	 3883	 443.201	 895.735	 417.458	 10.393	 3773.953	 -8.450
  30	  419	 498.610	 403.698	 270.260	 1.841	 2131.264	 -8.453
  37	 1604	 507.311	 486.728	 349.228	 17.896	 2972.592	 -8.503
   7	  114	 287.320	 124.218	 268.568	 18.741	 352.621	 -8.506
  33	 1105	 494.199	 483.758	 370.495	 15.668	 1747.195	 -8.535
  20	 2462	 370.457	 855.027	 462.504	 19.079	 3822.417	 -8.571
  36	  855	 400.818	 466.047	 240.055	 9.854	 3838.591	 -8.581
  42	 3860	 430.664	 901.727	 437.109	 4.068	 2097.612	 -8.628
  44	 3151	 280.150	 184.650	 336.543	 6.771	 731.645	 -8.638
  41	 2802	 414.365	 230.348	 448.078	 2.846	 4518.944	 -8.696
  41	 2793	 414.365	 230.348	 448.078	 2.846	 4518.944	 -8.696
  37	 2505	 537.555	 649.894	 318.843	 17.243	 3522.587	 -8.707
  48	 2920	 281.964	 299.028	 265.654	 10.825	 1587.834	 -8.710
   7	 2869	 427.290	 505.784	 442.540	 1.038	 498.566	 -8.756
  31	  686	 367.113	 620.999	 470.989	 5.393	 3535.265	 -8.880
   1	  979	 440.836	 122.713	 465.087	 16.993	 2211.156	 -8.903
   6	  174	 471.194	 443.735	 412.154	 15.731	 1972.618	 -8.908
  39	 3541	 372.059	 183.675	 475.507	 8.224	 181.036	 -8.924
  44	  643	 342.498	 587.502	 484.634	 16.605	 491.898	 -8.925
  20	 2075	 248.959	 933.721	 357.246	 17.365	 3340.411	 -8.936
  17	 1857	 432.755	 515.887	 449.860	 2.349	 405.031	 -8.959
   8	 1229	 398.134	 130.746	 480.170	 12.049	 1478.079	 -8.966
  30	  809	 488.148	 113.840	 414.267	 4.168	 3928.258	 -8.968
  31	 2377	 507.202	 120.078	 251.861	 6.408	 4605.228	 -8.989
  20	   82	 573.884	 114.361	 358.124	 18.123	 196.748	 -9.002
  33	 3902	 296.374	 986.767	 256.261	 4.446	 4726.569	 -9.035
   4	 2187	 521.261	 695.299	 379.943	 13.176	 2757.727	 -9.093
  42	 1688	 537.462	 843.578	 365.884	 12.791	 3017.907	 -9.121
  37	 2503	 575.709	 670.944	 303.931	 17.368	 3719.638	 -9.172
  37	 2758	 478.733	 730.006	 420.316	 14.078	 2803.901	 -9.178
  20	 2063	 256.065	 896.844	 272.185	 16.029	 2962.037	 -9.190
  20	 2103	 511.533	 333.291	 400.624	 5.825	 4850.238	 -9.227
  48	   49	 284.003	 136.717	 254.243	 12.681	 307.045	 -9.247
  42	  846	 461.688	 369.570	 443.872	 3.960	 2254.230	 -9.265
  26	 2425	 515.191	 454.118	 399.377	 10.594	 1294.140	 -9.335
  33	 1574	 420.823	 838.344	 465.988	 19.426	 4897.787	 -9.336
  18	 2534	 433.252	 747.246	 462.603	 13.720	 3541.857	 -9.370
  47	  317	 391.458	 349.547	 488.655	 15.021	 3537.708	 -9.414
  33	 1051	 503.564	 497.521	 418.010	 5.617	 3341.847	 -9.449
   6	 1900	 434.610	 246.863	 225.398	 4.329	 3711.792	 -9.521
   1	  720	 607.317	 474.629	 312.640	 10.152	 196.930	 -9.545
   4	  277	 565.094	 835.723	 252.362	 16.461	 213.571	 -9.804
  44	  490	 554.940	 616.045	 390.867	 19.460	 676.075	 -9.947
  18	  165	 434.640	 247.579	 221.638	 19.545	 205.828	 -9.987
  44	  485	 595.456	 688.890	 366.587	 19.655	 316.869	 -10.059
  30	 2594	 480.797	 322.388	 460.684	 9.064	 3676.529	 -10.139
  41	  152	 606.935	 362.911	 364.037	 15.789	 489.690	 -10.169
   5	 1440	 603.252	 413.822	 248.904	 2.182	 1823.049	 -10.289
   6	 2400	 705.539	 539.770	 317.712	 15.548	 4760.862	 -10.496
  17	 2704	 608.157	 356.555	 239.882	 17.280	 2545.614	 -10.608
  46	 1812	 318.505	 327.424	 550.145	 16.852	 852.538	 -10.615
  41	  345	 794.519	 909.276	 275.380	 17.303	 896.924	 -10.783
  18	 3872	 599.321	 189.169	 229.398	 16.854	 2147.420	 -10.812
  36	 2309	 791.216	 642.817	 269.938	 1.738	 4247.970	 -11.186
  16	 2842	 257.612	 595.560	 405.197	 4.510	 557.604	 -11.268
  46	 1319	 858.500	 928.211	 312.710	 4.206	 4768.709	 -11.455
   8	 2644	 513.380	 181.131	 504.050	 14.451	 4642.198	 -11.786
  47	 2343	 267.848	 350.647	 210.985	 9.606	 4407.228	 -11.839
  26	 1641	 545.971	 602.196	 482.717	 9.510	 2917.663	 -12.141
   6	 2103	 882.402	 552.562	 356.891	 11.657	 3545.473	 -12.269
  21	 3790	 837.136	 911.854	 376.925	 16.635	 1513.556	 -12.592
  42	 2611	 329.389	 930.981	 637.552	 11.748	 3186.967	 -13.092
  30	  470	 311.402	 539.398	 182.835	 9.398	 577.742	 -13.256
  48	 3859	 744.825	 525.134	 204.319	 0.598	 951.900	 -13.440
  44	   28	 207.344	 141.632	 171.437	 13.661	 345.109	 -20.322
  28	 1255	 152.463	 147.761	 47.811	 129.453	 312.684	 -inf
  23	 2474	 -78.253	 158.465	 182.427	 52.186	 453.133	 -inf
  38	 1878	 83.983	 235.011	 116.872	 88.654	 414.854	 -inf
  10	 3184	 116.983	 11.942	 122.090	 212.285	 501.335	 -inf
   9	   71	 278.477	 4.457	 208.591	 256.578	 352.884	 -inf
  22	  694	 5.668	 135.249	 126.356	 122.781	 551.507	 -inf
  27	  252	 182.454	 6.609	 96.698	 -92.656	 676.796	 -inf
  28	 3297	 152.463	 147.761	 47.811	 129.453	 312.684	 -inf
  32	  566	 376.025	 93.935	 -91.350	 -127.757	 422.214	 -inf
   3	 2825	 226.247	 127.650	 76.673	 133.600	 654.336	 -inf
  45	 2742	 59.767	 145.112	 80.508	 101.541	 388.513	 -inf
  49	 3690	 -23.709	 -10.771	 148.228	 -121.939	 505.712	 -inf
  19	 3249	 182.582	 146.116	 32.402	 151.013	 592.002	 -inf
  14	  416	 228.268	 17.390	 212.108	 145.612	 429.416	 -inf
  49	  628	 -23.709	 -10.771	 148.228	 -121.939	 505.712	 -inf
  15	  940	 319.269	 76.206	 265.529	 93.817	 612.233	 -inf
   0	 2178	 -79.308	 293.753	 186.633	 -54.459	 705.117	 -inf
   0	 3606	 -79.308	 293.753	 186.633	 -54.459	 705.117	 -inf
  23	 3529	 -78.253	 158.465	 182.427	 52.186	 453.133	 -inf
   2	 1552	 279.503	 62.556	 163.405	 170.205	 528.475	 -inf
  32	 2091	 376.025	 93.935	 -91.350	 -127.757	 422.214	 -inf
  19	  568	 182.582	 146.116	 32.402	 151.013	 592.002	 -inf
  24	 3641	 285.328	 58.697	 333.472	 106.438	 713.783	 -inf
  24	 3782	 285.328	 58.697	 333.472	 106.438	 713.783	 -inf
  28	    3	 152.463	 147.761	 47.811	 129.453	 312.684	 -inf
  32	 3503	 376.025	 93.935	 -91.350	 -127.757	 422.214	 -inf
  14	 2072	 228.268	 17.390	 212.108	 145.612	 429.416	 -inf
  23	 3496	 -78.253	 158.465	 182.427	 52.186	 453.133	 -inf
  15	 1756	 319.269	 76.206	 265.529	 93.817	 612.233	 -inf
  32	  896	 376.025	 93.935	 -91.350	 -127.757	 422.214	 -inf
  49	 3169	 -23.709	 -10.771	 148.228	 -121.939	 505.712	 -inf
   9	 1183	 278.477	 4.457	 208.591	 256.578	 352.884	 -inf
  35	 3385	 235.017	 101.716	 107.086	 170.846	 611.570	 -inf
  24	 3335	 285.328	 58.697	 333.472	 106.438	 713.783	 -inf
  45	 2112	 59.767	 145.112	 80.508	 101.541	 388.513	 -inf
  43	 3582	 376.534	 187.097	 99.154	 127.742	 488.123	 -inf
  37	  209	 303.369	 180.884	 328.975	 95.128	 331.594	 -inf
  23	  740	 -78.253	 158.465	 182.427	 52.186	 453.133	 -inf
  25	 3068	 121.447	 -75.593	 221.479	 135.270	 503.536	 -inf
  34	 3516	 162.520	 25.003	 355.462	 55.341	 452.084	 -inf
  12	 3668	 338.878	 33.866	 453.086	 132.458	 565.458	 -inf
  43	 2829	 376.534	 187.097	 99.154	 127.742	 488.123	 -inf
  34	 2823	 162.520	 25.003	 355.462	 55.341	 452.084	 -inf
  45	  172	 59.767	 145.112	 80.508	 101.541	 388.513	 -inf
  27	 1259	 182.454	 6.609	 96.698	 -92.656	 676.796	 -inf
  12	 2057	 338.878	 33.866	 453.086	 132.458	 565.458	 -inf
  32	 3087	 376.025	 93.935	 -91.350	 -127.757	 422.214	 -inf
   0	 1046	 -79.308	 293.753	 186.633	 -54.459	 705.117	 -inf
  12	 1304	 338.878	 33.866	 453.086	 132.458	 565.458	 -inf
  25	 1064	 121.447	 -75.593	 221.479	 135.270	 503.536	 -inf
  13	  364	 194.881	 27.440	 63.223	 36.402	 420.273	 -inf
  27	  960	 182.454	 6.609	 96.698	 -92.656	 676.796	 -inf
  32	 2708	 376.025	 93.935	 -91.350	 -127.757	 422.214	 -inf
  22	 3850	 5.668	 135.249	 126.356	 122.781	 551.507	 -inf
  28	 3577	 152.463	 147.761	 47.811	 129.453	 312.684	 -inf
  35	 2346	 235.017	 101.716	 107.086	 170.846	 611.570	 -inf
  49	  877	 -23.709	 -10.771	 148.228	 -121.939	 505.712	 -inf
  19	 2788	 182.582	 146.116	 32.402	 151.013	 592.002	 -inf
  10	 2759	 116.983	 11.942	 122.090	 212.285	 501.335	 -inf
  35	  836	 235.017	 101.716	 107.086	 170.846	 611.570	 -inf
  22	 1630	 5.668	 135.249	 126.356	 122.781	 551.507	 -inf
  19	 2356	 182.582	 146.116	 32.402	 151.013	 592.002	 -inf
  49	 1675	 -23.709	 -10.771	 148.228	 -121.939	 505.712	 -inf
  22	  327	 5.668	 135.249	 126.356	 122.781	 551.507	 -inf
  28	  393	 152.463	 147.761	 47.811	 129.453	 312.684	 -inf
  15	 3052	 319.269	 76.206	 265.529	 93.817	 612.233	 -inf
  13	 1717	 194.881	 27.440	 63.223	 36.402	 420.273	 -inf
  40	  308	 267.440	 27.761	 259.900	 -40.163	 417.753	 -inf
  28	 2680	 152.463	 147.761	 47.811	 129.453	 312.684	 -inf
  13	   96	 194.881	 27.440	 63.223	 36.402	 420.273	 -inf
   3	 1681	 226.247	 127.650	 76.673	 133.600	 654.336	 -inf
  11	 3690	 130.531	 162.180	 90.020	 162.341	 530.527	 -inf
   0	  243	 -79.308	 293.753	 186.633	 -54.459	 705.117	 -inf
  22	 1881	 5.668	 135.249	 126.356	 122.781	 551.507	 -inf
  19	  527	 182.582	 146.116	 32.402	 151.013	 592.002	 -inf
  43	 3882	 376.534	 187.097	 99.154	 127.742	 488.123	 -inf
   2	 2835	 279.503	 62.556	 163.405	 170.205	 528.475	 -inf
  25	 1732	 121.447	 -75.593	 221.479	 135.270	 503.536	 -inf
  14	  416	 228.268	 17.390	 212.108	 145.612	 429.416	 -inf
  15	 3654	 319.269	 76.206	 265.529	 93.817	 612.233	 -inf
   2	  147	 279.503	 62.556	 163.405	 170.205	 528.475	 -inf
  40	  600	 267.440	 27.761	 259.900	 -40.163	 417.753	 -inf
  34	   18	 162.520	 25.003	 355.462	 55.341	 452.084	 -inf
  24	 1395	 285.328	 58.697	 333.472	 106.438	 713.783	 -inf
  38	 1812	 83.983	 235.011	 116.872	 88.654	 414.854	 -inf
  14	 2147	 228.268	 17.390	 212.108	 145.612	 429.416	 -inf
   3	 1058	 226.247	 127.650	 76.673	 133.600	 654.336	 -inf
  43	 2173	 376.534	 187.097	 99.154	 127.742	 488.123	 -inf
  43	 3268	 376.534	 187.097	 99.154	 127.742	 488.123	 -inf
  23	 1476	 -78.253	 158.465	 182.427	 52.186	 453.133	 -inf
  40	  936	 267.440	 27.761	 259.900	 -40.163	 417.753	 -inf
  34	  210	 162.520	 25.003	 355.462	 55.341	 452.084	 -inf
  34	 2150	 162.520	 25.003	 355.462	 55.341	 452.084	 -inf
  17	   83	 5.741	 -150.644	 -61.416	 8.836	 627.853	 -inf
  13	 1360	 194.881	 27.440	 63.223	 36.402	 420.273	 -inf
  14	 3906	 228.268	 17.390	 212.108	 145.612	 429.416	 -inf
  24	 1378	 285.328	 58.697	 333.472	 106.438	 713.783	 -inf
  34	 2133	 162.520	 25.003	 355.462	 55.341	 452.084	 -inf
  11	  927	 130.531	 162.180	 90.020	 162.341	 530.527	 -inf
  28	 1396	 152.463	 147.761	 47.811	 129.453	 312.684	 -inf
  34	 2591	 162.520	 25.003	 355.462	 55.341	 452.084	 -inf
  38	  810	 83.983	 235.011	 116.872	 88.654	 414.854	 -inf
  46	  569	 123.269	 167.457	 296.089	 109.247	 619.783	 -inf
  40	 1178	 267.440	 27.761	 259.900	 -40.163	 417.753	 -inf
  34	 2825	 162.520	 25.003	 355.462	 55.341	 452.084	 -inf
  25	 3732	 121.447	 -75.593	 221.479	 135.270	 503.536	 -inf
   9	 1403	 278.477	 4.457	 208.591	 256.578	 352.884	 -inf
  45	 2315	 59.767	 145.112	 80.508	 101.541	 388.513	 -inf
  15	 2465	 319.269	 76.206	 265.529	 93.817	 612.233	 -inf
  10	 3346	 116.983	 11.942	 122.090	 212.285	 501.335	 -inf
  38	 3718	 83.983	 235.011	 116.872	 88.654	 414.854	 -inf
  22	 2764	 5.668	 135.249	 126.356	 122.781	 551.507	 -inf
  38	 2919	 83.983	 235.011	 116.872	 88.654	 414.854	 -inf
  14	 1071	 228.268	 17.390	 212.108	 145.612	 429.416	 -inf
   0	 1200	 -79.308	 293.753	 186.633	 -54.459	 705.117	 -inf
  13	  388	 194.881	 27.440	 63.223	 36.402	 420.273	 -inf
  32	 2327	 376.025	 93.935	 -91.350	 -127.757	 422.214	 -inf
  12	  534	 338.878	 33.866	 453.086	 132.458	 565.458	 -inf
  10	  570	 116.983	 11.942	 122.090	 212.285	 501.335	 -inf
  23	  636	 -78.253	 158.465	 182.427	 52.186	 453.133	 -inf
  24	  744	 285.328	 58.697	 333.472	 106.438	 713.783	 -inf
  25	  870	 121.447	 -75.593	 221.479	 135.270	 503.536	 -inf
   0	 2189	 -79.308	 293.753	 186.633	 -54.459	 705.117	 -inf
   9	 1521	 278.477	 4.457	 208.591	 256.578	 352.884	 -inf
  10	 1377	 116.983	 11.942	 122.090	 212.285	 501.335	 -inf
  19	 2346	 182.582	 146.116	 32.402	 151.013	 592.002	 -inf
   3	 2313	 226.247	 127.650	 76.673	 133.600	 654.336	 -inf
  40	  715	 267.440	 27.761	 259.900	 -40.163	 417.753	 -inf
  15	   37	 319.269	 76.206	 265.529	 93.817	 612.233	 -inf
  49	  650	 -23.709	 -10.771	 148.228	 -121.939	 505.712	 -inf
  22	 3734	 5.668	 135.249	 126.356	 122.781	 551.507	 -inf
  34	 3258	 162.520	 25.003	 355.462	 55.341	 452.084	 -inf
  32	 3445	 376.025	 93.935	 -91.350	 -127.757	 422.214	 -inf
  12	 1034	 338.878	 33.866	 453.086	 132.458	 565.458	 -inf
  34	 2952	 162.520	 25.003	 355.462	 55.341	 452.084	 -inf
   9	 2704	 278.477	 4.457	 208.591	 256.578	 352.884	 -inf
   3	 3123	 226.247	 127.650	 76.673	 133.600	 654.336	 -inf
  34	  588	 162.520	 25.003	 355.462	 55.341	 452.084	 -inf
   0	 2994	 -79.308	 293.753	 186.633	 -54.459	 705.117	 -inf
  25	 1188	 121.447	 -75.593	 221.479	 135.270	 503.536	 -inf
  10	 2627	 116.983	 11.942	 122.090	 212.285	 501.335	 -inf
  23	 2970	 -78.253	 158.465	 182.427	 52.186	 453.133	 -inf
  23	 1324	 -78.253	 158.465	 182.427	 52.186	 453.133	 -inf
  35	 3267	 235.017	 101.716	 107.086	 170.846	 611.570	 -inf
   0	 2791	 -79.308	 293.753	 186.633	 -54.459	 705.117	 -inf
   0	  379	 -79.308	 293.753	 186.633	 -54.459	 705.117	 -inf
  17	  128	 5.741	 -150.644	 -61.416	 8.836	 627.853	 -inf
  35	 2310	 235.017	 101.716	 107.086	 170.846	 611.570	 -inf
   9	 3040	 278.477	 4.457	 208.591	 256.578	 352.884	 -inf
  23	 1669	 -78.253	 158.465	 182.427	 52.186	 453.133	 -inf
  22	 3750	 5.668	 135.249	 126.356	 122.781	 551.507	 -inf
  10	 2482	 116.983	 11.942	 122.090	 212.285	 501.335	 -inf
  11	  409	 130.531	 162.180	 90.020	 162.341	 530.527	 -inf
  12	 1966	 338.878	 33.866	 453.086	 132.458	 565.458	 -inf
  40	 1237	 267.440	 27.761	 259.900	 -40.163	 417.753	 -inf
  35	 2055	 235.017	 101.716	 107.086	 170.846	 611.570	 -inf
  24	 3997	 285.328	 58.697	 333.472	 106.438	 713.783	 -inf
  38	 3643	 83.983	 235.011	 116.872	 88.654	 414.854	 -inf
  35	 2878	 235.017	 101.716	 107.086	 170.846	 611.570	 -inf
  32	 1192	 376.025	 93.935	 -91.350	 -127.757	 422.214	 -inf
  24	 1438	 285.328	 58.697	 333.472	 106.438	 713.783	 -inf
   3	 1719	 226.247	 127.650	 76.673	 133.600	 654.336	 -inf
  19	  193	 182.582	 146.116	 32.402	 151.013	 592.002	 -inf
  14	 2181	 228.268	 17.390	 212.108	 145.612	 429.416	 -inf
  35	 2589	 235.017	 101.716	 107.086	 170.846	 611.570	 -inf
  32	  595	 376.025	 93.935	 -91.350	 -127.757	 422.214	 -inf
  28	 3356	 152.463	 147.761	 47.811	 129.453	 312.684	 -inf
  40	 1847	 267.440	 27.761	 259.900	 -40.163	 417.753	 -inf
  28	 3999	 152.463	 147.761	 47.811	 129.453	 312.684	 -inf
  45	 1276	 59.767	 145.112	 80.508	 101.541	 388.513	 -inf
  19	 2046	 182.582	 146.116	 32.402	 151.013	 592.002	 -inf
  12	  160	 338.878	 33.866	 453.086	 132.458	 565.458	 -inf
  40	  306	 267.440	 27.761	 259.900	 -40.163	 417.753	 -inf
  28	 3520	 152.463	 147.761	 47.811	 129.453	 312.684	 -inf
  47	   12	 370.459	 204.009	 58.156	 39.466	 563.020	 -inf
   9	 2099	 278.477	 4.457	 208.591	 256.578	 352.884	 -inf
  14	 3416	 228.268	 17.390	 212.108	 145.612	 429.416	 -inf
  38	 2388	 83.983	 235.011	 116.872	 88.654	 414.854	 -inf
  49	 2700	 -23.709	 -10.771	 148.228	 -121.939	 505.712	 -inf
  49	 2302	 -23.709	 -10.771	 148.228	 -121.939	 505.712	 -inf
  40	 1267	 267.440	 27.761	 259.900	 -40.163	 417.753	 -inf
  43	  423	 376.534	 187.097	 99.154	 127.742	 488.123	 -inf
  32	 2101	 376.025	 93.935	 -91.350	 -127.757	 422.214	 -inf
  45	   22	 59.767	 145.112	 80.508	 101.541	 388.513	 -inf
  35	 1954	 235.017	 101.716	 107.086	 170.846	 611.570	 -inf
  12	 1776	 338.878	 33.866	 453.086	 132.458	 565.458	 -inf
  40	  289	 267.440	 27.761	 259.900	 -40.163	 417.753	 -inf
  43	 3316	 376.534	 187.097	 99.154	 127.742	 488.123	 -inf
  22	 2923	 5.668	 135.249	 126.356	 122.781	 551.507	 -inf
  12	   15	 338.878	 33.866	 453.086	 132.458	 565.458	 -inf
  40	 2953	 267.440	 27.761	 259.900	 -40.163	 417.753	 -inf
   2	  642	 279.503	 62.556	 163.405	 170.205	 528.475	 -inf
   3	 2535	 226.247	 127.650	 76.673	 133.600	 654.336	 -inf
  12	 3620	 338.878	 33.866	 453.086	 132.458	 565.458	 -inf
  28	 3557	 152.463	 147.761	 47.811	 129.453	 312.684	 -inf
  25	  571	 121.447	 -75.593	 221.479	 135.270	 503.536	 -inf
  45	 2961	 59.767	 145.112	 80.508	 101.541	 388.513	 -inf
  23	  529	 -78.253	 158.465	 182.427	 52.186	 453.133	 -inf
  28	 2088	 152.463	 147.761	 47.811	 129.453	 312.684	 -inf
   9	 2122	 278.477	 4.457	 208.591	 256.578	 352.884	 -inf
   3	 3917	 226.247	 127.650	 76.673	 133.600	 654.336	 -inf
  37	  299	 303.369	 180.884	 328.975	 95.128	 331.594	 -inf
  28	  163	 152.463	 147.761	 47.811	 129.453	 312.684	 -inf
   3	 1237	 226.247	 127.650	 76.673	 133.600	 654.336	 -inf
  29	  143	 292.062	 96.463	 361.061	 -80.653	 507.638	 -inf
  43	 2524	 376.534	 187.097	 99.154	 127.742	 488.123	 -inf
  13	 1348	 194.881	 27.440	 63.223	 36.402	 420.273	 -inf
  23	  900	 -78.253	 158.465	 182.427	 52.186	 453.133	 -inf
  14	 1961	 228.268	 17.390	 212.108	 145.612	 429.416	 -inf
  14	 3574	 228.268	 17.390	 212.108	 145.612	 429.416	 -inf
  49	 2135	 -23.709	 -10.771	 148.228	 -121.939	 505.712	 -inf
  12	 3984	 338.878	 33.866	 453.086	 132.458	 565.458	 -inf
   3	 2089	 226.247	 127.650	 76.673	 133.600	 654.336	 -inf
  23	 3639	 -78.253	 158.465	 182.427	 52.186	 453.133	 -inf
   0	 3605	 -79.308	 293.753	 186.633	 -54.459	 705.117	 -inf
  28	  814	 152.463	 147.761	 47.811	 129.453	 312.684	 -inf
  38	  707	 83.983	 235.011	 116.872	 88.654	 414.854	 -inf
  19	 1742	 182.582	 146.116	 32.402	 151.013	 592.002	 -inf
  19	 1209	 182.582	 146.116	 32.402	 151.013	 592.002	 -inf
  27	 2292	 182.454	 6.609	 96.698	 -92.656	 676.796	 -inf
  38	 3798	 83.983	 235.011	 116.872	 88.654	 414.854	 -inf
  34	 2572	 162.520	 25.003	 355.462	 55.341	 452.084	 -inf
  25	 3127	 121.447	 -75.593	 221.479	 135.270	 503.536	 -inf
   9	 2348	 278.477	 4.457	 208.591	 256.578	 352.884	 -inf
  43	 1659	 376.534	 187.097	 99.154	 127.742	 488.123	 -inf
  34	 1150	 162.520	 25.003	 355.462	 55.341	 452.084	 -inf
   0	  690	 -79.308	 293.753	 186.633	 -54.459	 705.117	 -inf
  19	 2896	 182.582	 146.116	 32.402	 151.013	 592.002	 -inf
  35	 3064	 235.017	 101.716	 107.086	 170.846	 611.570	 -inf
  17	   35	 5.741	 -150.644	 -61.416	 8.836	 627.853	 -inf
  11	  755	 130.531	 162.180	 90.020	 162.341	 530.527	 -inf
  23	  389	 -78.253	 158.465	 182.427	 52.186	 453.133	 -inf
  11	 1743	 130.531	 162.180	 90.020	 162.341	 530.527	 -inf
  22	 3223	 5.668	 135.249	 126.356	 122.781	 551.507	 -inf
  43	 2496	 376.534	 187.097	 99.154	 127.742	 488.123	 -inf
  23	 2914	 -78.253	 158.465	 182.427	 52.186	 453.133	 -inf
  15	 1086	 319.269	 76.206	 265.529	 93.817	 612.233	 -inf
   9	 2553	 278.477	 4.457	 208.591	 256.578	 352.884	 -inf
  14	  128	 228.268	 17.390	 212.108	 145.612	 429.416	 -inf
   0	 3572	 -79.308	 293.753	 186.633	 -54.459	 705.117	 -inf
  28	 3879	 152.463	 147.761	 47.811	 129.453	 312.684	 -inf
  28	  422	 152.463	 147.761	 47.811	 129.453	 312.684	 -inf
  19	  457	 182.582	 146.116	 32.402	 151.013	 592.002	 -inf
  32	  717	 376.025	 93.935	 -91.350	 -127.757	 422.214	 -inf
  22	 3462	 5.668	 135.249	 126.356	 122.781	 551.507	 -inf
  32	   37	 376.025	 93.935	 -91.350	 -127.757	 422.214	 -inf
