latitude,longitude
-38.776392687,175.788649038
-38.777407765,175.786987087
-38.779024820,175.785649317
-38.780073634,175.783133191
-38.781099451,175.779903848
-38.783480574,175.784168733
-38.787329584,175.781627989
-38.789815073,175.780532685
-38.794461600,175.777282069
-38.794941819,175.774785953
-38.794875680,175.772650629
-38.794776386,175.769447519
-38.796047525,175.765525299
-38.796727795,175.760541461
-38.797085033,175.754137845
-38.795649119,175.752716476
-38.793330951,175.749869709
-38.792159362,175.748088446
-38.789645226,175.748086881
-38.788985601,175.744876967
-38.789176016,175.742024616
-38.788829304,175.739883985
-38.787060438,175.737023515
-38.786608555,175.734161254
-38.783223811,175.732980044
-38.781801076,175.731419609
-38.779622402,175.730238727
-38.778082724,175.730032144
-38.776712272,175.730410204
-38.775216126,175.731761638
-38.774155406,175.732338799
-38.772957224,175.733500903
-38.771466115,175.735248802
-38.769171557,175.736214962
-38.767312540,175.736402648
-38.765186641,175.738157350
-38.763793472,175.738545230
-38.762723345,175.739327158
-38.760541442,175.739714855
-38.760793204,175.737750463
-38.760718648,175.735392268
-38.759292782,175.734991996
-38.758141854,175.733411735
-38.755752195,175.732608834
-38.753709605,175.732989982
-38.752315068,175.733968537
-38.751400704,175.735148882
-38.750135970,175.735340213
-38.748659714,175.733947302
-38.747499862,175.732554044
-38.746094379,175.733535842
-38.745044276,175.735711519
-38.744306774,175.737692679
-38.743247802,175.739674922
-38.742329013,175.741063774
-38.740257790,175.741657459
-38.738317294,175.741455873
-38.736378435,175.741453232
-38.735238935,175.741252082
-38.733870167,175.742349743
-38.731546487,175.742693218
-38.729227707,175.743417469
-38.727625063,175.743773997
-38.726472552,175.744517988
-38.725029483,175.745449481
-38.723010590,175.746947037
-38.721152438,175.749022713
-38.720156434,175.750348096
-38.719753033,175.751680805
-38.720115401,175.753784679
-38.719705961,175.754927328
-38.717946538,175.755678977
-38.716344165,175.756816135
-38.714618952,175.758913019
-38.713303014,175.759865286
-38.712416490,175.760245109
-38.710772579,175.760430218
-38.709961139,175.763309767
-38.708546610,175.766192054
-38.707419013,175.768694164
-38.706730619,175.770813571
-38.705588172,175.772936509
-38.703614549,175.772750544
-38.702480819,175.770436887
-38.700621449,175.769280522
-38.698470869,175.768702421
-38.696626329,175.768316410
-38.695083913,175.767929370
-38.693102215,175.768318564
-38.691115521,175.768708671
-38.688536667,175.770074257
-38.686550599,175.770857591
-38.684410356,175.771838498
-38.682407703,175.772430427
-38.681048394,175.773804420
-38.680017372,175.775766677
-38.679610023,175.777727612
-38.679239076,175.780865046
-38.678518340,175.782831349
-38.677809081,175.785191634
-38.676936219,175.787359838
-38.675923653,175.790121517
-38.676606209,175.791878989
-38.678191351,175.792443859
-38.679022306,175.793999543
-38.680134384,175.794569287
-38.680819484,175.796516326
-38.682414570,175.797661940
-38.681876318,175.800412099
-38.680683276,175.802199102
-38.680575661,175.803768643
-38.680336081,175.806125322
-38.680246480,175.808283118
-38.680625239,175.810428989
-38.682077151,175.811957052
-38.683239422,175.814273164
-38.684202533,175.815223254
-38.682826701,175.816046375
-38.682078029,175.817047682
-38.681496625,175.818436513
-38.680254088,175.818671294
-38.678546182,175.819117230
-38.676526823,175.819770362
-38.674641459,175.819830465
-38.673060853,175.819683937
-38.671659267,175.820319661
-38.671233930,175.821910396
-38.669822979,175.822351663
-38.668909249,175.823566639
-38.668335855,175.825561190
-38.667450597,175.827766231
-38.666698905,175.829177779
-38.665793440,175.830794380
-38.664757872,175.833407861
-38.663714726,175.835826984
-38.662239173,175.839854475
-38.661554649,175.843654668
-38.661065586,175.848640284
-38.660688312,175.851045300
-38.660754619,175.853204122
-38.660989750,175.855757416
-38.661393543,175.858704269
-38.661779052,175.861061447
-38.662007707,175.863416260
-38.662537409,175.865380694
-38.663698237,175.867543696
-38.664509308,175.868527444
-38.666099196,175.869514004
-38.666698510,175.868734876
-38.668206658,175.867180314
-38.670230666,175.867388049
-38.671321131,175.867589670
-38.671975806,175.868762818
-38.673052040,175.868573746
-38.674719998,175.867609987
-38.675946429,175.867422896
-38.677342362,175.867819813
-38.678305081,175.869184214
-38.678665054,175.870932709
-38.678724008,175.872873725
-38.678157341,175.874425424
-38.676673843,175.876171867
-38.674535418,175.876754190
-38.671766469,175.877143081
-38.670384275,175.877533099
-38.668390080,175.878314642
-38.667636343,175.879096802
-38.667067244,175.880856954
-38.665862364,175.882229096
-38.664932217,175.882427599
-38.663838725,175.882430930
-38.662953784,175.884197749
-38.661272111,175.885578213
-38.661470570,175.886950669
-38.663102295,175.889097424
-38.662367007,175.890671565
-38.661329233,175.892642402
-38.660592162,175.894219973
-38.659697197,175.895800784
-38.658498279,175.897780269
-38.657927783,175.899754213
-38.658156470,175.902111185
-38.658741303,175.905838158
-38.658473827,175.907416089
-38.658206218,175.908994606
-38.658259418,175.910763946
-38.659769899,175.913877934
-38.660771397,175.915820022
-38.661922568,175.917559815
-38.663547509,175.919481212
-38.664856834,175.921407302
-38.666470062,175.923126013
-38.668201591,175.924418918
-38.669409932,175.924524456
-38.670364345,175.923546639
-38.670985891,175.922442650
-38.671384836,175.921209160
-38.671896152,175.920110457
-38.672740546,175.919278121
-38.673811950,175.918849926
-38.674996776,175.918691445
-38.676290085,175.918666489
-38.677129981,175.917974683
-38.678475669,175.916330855
-38.679533023,175.915908951
-38.680169421,175.915763950
-38.681108194,175.915076338
-38.681824418,175.914124676
-38.682437351,175.913310227
-38.682939408,175.912364125
-38.682695242,175.911293344
-38.684165124,175.910874972
-38.684860089,175.909394817
-38.685452534,175.908051637
-38.686153310,175.906843361
-38.686860908,175.905904135
-38.687022794,175.904301096
-38.688538373,175.902430251
-38.689571034,175.902029694
-38.691025366,175.901895728
-38.692155813,175.901496910
-38.693183806,175.901231640
-38.694201398,175.900702183
-38.695105628,175.899909305
-38.696734784,175.899383947
-38.697416201,175.899325260
-38.698028978,175.899777672
-38.698768667,175.901658660
-38.700133963,175.901790998
-38.700581216,175.902564400
-38.700773715,175.903333120
-38.701418620,175.905090589
-38.701795855,175.906405334
-38.702409085,175.907174219
-38.703017725,175.907832432
-38.703047114,175.908813687
-38.702568487,175.909684733
-38.702536545,175.911430808
-38.702669723,175.913067588
-38.702725196,175.914922660
-38.703003689,175.915793424
-38.703940184,175.916220928
-38.704712925,175.916866203
-38.704668315,175.918172156
-38.704626924,175.919587263
-38.704237774,175.920573465
-38.703874021,175.922432623
-38.703490182,175.923640496
-38.702940743,175.924963544
-38.702201862,175.925638390
-38.701441366,175.925658509
-38.700678765,175.925678682
-38.699920591,175.925918370
-38.699002721,175.926603025
-38.698252991,175.927284986
-38.697494602,175.927748393
-38.696479022,175.928331455
-38.695356677,175.928366221
-38.694663745,175.928387685
-38.693621102,175.928419977
-38.692759184,175.928780450
-38.692086275,175.929692885
-38.691434902,175.931387616
-38.690693895,175.933089995
-38.690188742,175.933892485
-38.690323381,175.935452372
-38.690434721,175.936230168
-38.691090401,175.937541131
-38.691080261,175.938621436
-38.690477159,175.939378055
-38.689506562,175.939894092
-38.688813226,175.940762951
-38.687833419,175.941169863
-38.686762771,175.941687436
-38.685708319,175.942887801
-38.685394283,175.944575738
-38.685363897,175.946616232
-38.685961605,175.948337147
-38.686177438,175.949477078
-38.686025698,175.950492538
-38.685786085,175.951619683
-38.685360333,175.952629824
-38.684659460,175.953635252
-38.683763077,175.954297624
-38.682669380,175.954615942
-38.682433434,175.955980156
-38.683023608,175.957245241
-38.683527485,175.958734496
-38.684315755,175.960565981
-38.685169804,175.961597890
-38.686297971,175.962742289
-38.687146268,175.963767637
-38.688624932,175.964792334
-38.689449824,175.965246569
-38.690634582,175.965812827
-38.691170513,175.965498638
-38.691549384,175.964673492
-38.691990442,175.964294528
-38.692481922,175.963980313
-38.692875685,175.963792913
-38.693212992,175.963416516
-38.693555029,175.963230047
-38.694095806,175.963108611
-38.694488589,175.963049130
-38.694880236,175.962989820
-38.695374215,175.963119281
-38.695907784,175.962998865
-38.696435557,175.962754268
-38.696957571,175.962386225
-38.697464681,175.961585046
-38.697831234,175.960970520
-38.698248302,175.960482423
-38.698763138,175.960121346
-38.699215662,175.959329011
-38.699677504,175.958908816
-38.700143163,175.958674447
-38.700556492,175.958316976
-38.700630629,175.957644826
-38.700800494,175.957037393
-38.701211688,175.956683443
-38.701531808,175.956449662
-38.701899535,175.956279093
-38.702219772,175.956107375
-38.702435674,175.955567351
-38.702702898,175.955212596
-38.702978552,175.955162465
-38.703148822,175.954683715
-38.703476733,175.954878736
-38.703673231,175.955310375
-38.703865868,175.955620257
-38.704063605,175.956111306
-38.704406714,175.956669403
-38.704820620,175.957058101
-38.705082919,175.957442996
-38.705391043,175.957701448
-38.705704107,175.958148967
-38.706152796,175.958155792
-38.706601881,175.958225596
-38.707055086,175.958483879
-38.707410068,175.958802848
-38.707815189,175.959184317
-38.708219135,175.959564687
-38.708473322,175.959880092
-38.709162293,175.960073515
-38.709465198,175.960450094
-38.709847798,175.960265968
-38.710379663,175.960270012
-38.710639086,175.960892767
-38.710703761,175.961451750
-38.710770244,175.962072601
-38.710699646,175.962941787
-38.710577128,175.963687604
-38.710447130,175.964185589
-38.710560114,175.964744134
-38.710582130,175.965489743
-38.710548588,175.965987467
-38.710568765,175.966671058
-38.710581603,175.967106069
-38.710666475,175.968347875
-38.710847610,175.969586638
-38.711261399,175.970568459
-38.711469672,175.971120286
-38.711399366,175.971991250
-38.711323524,175.972676803
-38.711055435,175.973370714
-38.710784936,175.974003969
-38.710756875,175.974689743
-38.710877007,175.975493037
-38.710978769,175.975674666
-38.711287268,175.976342862
-38.711289094,175.976404905
-38.711497429,175.976952862
-38.712148344,175.977908763
-38.712441597,175.978139327
-38.712971556,175.978355192
-38.713541249,175.978382732
-38.714197117,175.978220325
-38.714612142,175.977949987
-38.715135165,175.977467718
-38.715722918,175.976693302
-38.715945765,175.976311663
-38.716411848,175.976283422
-38.716779944,175.976138901
-38.717234132,175.975806584
-38.717457945,175.975549600
-38.718014218,175.975638939
-38.718483725,175.975975735
-38.718679265,175.976388727
-38.719618118,175.976369864
-38.720008935,175.976745430
-38.720643955,175.976995727
-38.721132420,175.977120840
-38.721718540,175.976995493
-38.722206961,175.976807555
-38.722793064,175.976556978
-38.723281529,175.976682085
-38.723477000,175.977370762
-38.723867838,175.977996784
-38.724209781,175.978247153
-38.724405218,175.978747998
-38.724600695,175.979624508
-38.724454222,175.980188030
-38.724161214,175.980751573
-38.723477414,175.980939523
-38.722988998,175.981190041
-38.722696001,175.981878776
-38.722158717,175.981878860
-38.721865603,175.981378049
-38.721328318,175.981378136
-38.720693363,175.981566055
-38.720351486,175.981879136
-38.720009639,175.982505239
-38.719667818,175.983444356
-38.719570178,175.984007807
-38.719716746,175.984446019
-38.719570248,175.984884263
-38.719521445,175.985447701
-38.719863422,175.986511931
-38.720156558,175.987889185
-38.720449647,175.988515201
-38.720840432,175.989516838
-38.721182344,175.989767237
-38.721426573,175.990205455
-38.721621962,175.990894094
-38.721670817,175.991582738
-38.721377765,175.992333991
-38.721182394,175.993210444
-38.721180040,175.994027652
-38.721326590,175.994716526
-38.721473136,175.995217521
-38.721619677,175.995843760
-38.721815063,175.996407374
-38.722010444,175.996970985
-38.722352377,175.997033631
-38.722303509,175.997785082
-38.722156943,175.998473896
-38.722303465,175.998974868
-38.722694249,175.998849666
-38.723036182,175.998787076
-38.723182704,175.999225430
-38.723280340,176.000289972
-38.724012967,176.001417190
-38.724550215,176.002231293
-38.725233963,176.003358503
-38.725917753,176.003922155
-38.726650363,176.004673670
-38.727431818,176.005362577
-38.728115534,176.006364569
-38.729043549,176.006803040
-38.729727322,176.007304096
-38.730557595,176.008055657
-38.731339098,176.008306263
-38.731778667,176.008619435
-38.732316001,176.008494283
-38.732657981,176.008181233
-38.732902247,176.007993406
-38.733341975,176.007367248
-38.734025883,176.007116844
-38.734612081,176.006991671
-38.734953969,176.007304833
-38.735247090,176.007116994
-38.735589063,176.006929159
-38.735979898,176.006678698
-38.736468358,176.006866629
-38.737103393,176.006929322
-38.736907807,176.007993952
-38.736663460,176.008557551
-38.736419111,176.009121142
-38.736174810,176.009434228
-38.736174717,176.009935220
-38.735979218,176.010498799
-38.735783704,176.011124993
-38.735930102,176.011876492
-38.736174231,176.012440143
-38.736467206,176.013003807
-38.736760154,176.013692720
-38.737004330,176.014005889
-38.737346123,176.014694818
-38.737834516,176.015133300
-38.738273948,176.016072760
-38.738322683,176.016573757
-38.738127127,176.017262550
-38.737638536,176.017700759
-38.737247540,176.018577336
-38.737149798,176.018765168
-38.737003147,176.019203464
-38.736661060,176.019829550
-38.736270029,176.020831324
-38.735586042,176.021332023
-38.734951096,176.021081315
-38.734267353,176.020642742
-38.733632400,176.020454662
-38.733095080,176.020517083
-38.732362289,176.020955120
-38.731727177,176.021455795
-38.731092051,176.022019072
-38.730456846,176.022895398
-38.729675189,176.023458584
-38.729088910,176.024021838
-38.728307423,176.023958893
-38.727281687,176.024021063
-38.726597860,176.024083378
-38.726011755,176.024020517
-38.725531645,176.024691200
-38.725189525,176.025442410
-38.724847438,176.026068382
-38.724212298,176.026631593
-38.723626055,176.027006981
-38.723039954,176.026881476
-38.722698197,176.026317818
-38.722454193,176.025503764
-38.722161319,176.024752296
-38.722161479,176.024126182
-38.722063960,176.023437410
-38.721771008,176.022936382
-38.720989521,176.022748203
-38.720305707,176.022622675
-38.719866079,176.022685090
-38.719621703,176.023311084
-38.719563243,176.023816679
-38.719464544,176.024043748
-38.719267083,176.024192713
-38.719010278,176.023703872
-38.718852078,176.023420384
-38.718574825,176.023338151
-38.718336864,176.023333190
-38.718078727,176.023455470
-38.717780439,176.023730400
-38.717541455,176.024109133
-38.717381957,176.024438590
-38.717302091,176.024872002
-38.717222109,176.025612593
-38.717042345,176.026121761
-38.716882412,176.026606020
-38.716662379,176.026987475
-38.716422141,176.027164045
-38.716241750,176.027392775
-38.716121336,176.027776243
-38.716101137,176.028263459
-38.716121105,176.028571462
-38.715860082,176.028980044
-38.715659071,176.029286786
-38.715558422,176.029671451
-38.715357052,176.030184346
-38.715054775,176.030465979
-38.714691491,176.030696371
-38.714307324,176.030952882
-38.713922642,176.030565162
-38.713699613,176.030306413
-38.713456034,176.030021478
-38.713212143,176.029813705
-38.713008667,176.029683450
-38.713029128,176.029347590
-38.713110642,176.029038027
-38.713131083,176.028728117
-38.713131187,176.028366390
-38.713110940,176.028004472
-38.713111063,176.027565209
-38.713151848,176.027255596
-38.713192666,176.026791039
-38.713233418,176.026533224
-38.713294490,176.026301563
-38.713152174,176.026041273
-38.712785639,176.025855080
-38.712438853,176.025746507
-38.712071018,176.025689253
-38.711702516,176.025683751
-38.711456491,176.025654134
-38.711312824,176.025703883
-38.711210054,176.026091716
-38.711148251,176.026765845
-38.711107074,176.027076901
-38.710880817,176.027411989
-38.710551331,176.027694416
-38.710200733,176.027794956
-38.709911578,176.027818147
-38.709671865,176.027528090
-38.709451804,176.027213767
-38.709231485,176.026976041
-38.709010893,176.026866356
-38.708729761,176.026857303
-38.708508574,176.026952943
-38.708347492,176.027281899
-38.708004883,176.027579882
-38.707742420,176.028112387
-38.707520079,176.028543681
-38.707418905,176.028849926
-38.707337897,176.029208381
-38.707256834,176.029644273
-38.707236498,176.029978739
-38.707256593,176.030468796
-38.707276754,176.030726919
-38.707337282,176.031295043
-38.707519115,176.031813931
-38.707559398,176.032252442
-38.707579483,176.032639011
-38.707559076,176.033256560
-38.707437673,176.033615089
-38.707235389,176.033560351
-38.707073465,176.033377330
-38.706870815,176.033348217
-38.706444526,176.033521909
-38.706281820,176.033829209
-38.706220734,176.034060740
-38.706179896,176.034525112
-38.705854004,176.034934307
-38.705425612,176.035110049
-38.704894051,176.035155393
-38.704668765,176.035126749
-38.704237949,176.035199380
-38.703847372,176.035324597
-38.703456059,176.035450047
-38.703167275,176.035472795
-38.702816079,176.035468838
-38.702567819,176.035466041
-38.702212980,176.035475643
-38.701833390,176.035462836
-38.701613199,176.035762914
-38.701432803,176.036192784
-38.701232184,176.036648055
-38.701091547,176.037208180
-38.700930775,176.037639781
-38.700769953,176.037866302
-38.700488311,176.037986926
-38.700206274,176.038133424
-38.699964204,176.038306928
-38.699600551,176.038606187
-38.699155240,176.038903921
-38.698769778,176.039435983
-38.698607194,176.039845047
-38.698464827,176.040203238
-38.698322352,176.040587499
-38.698037252,176.040969134
-38.697812947,176.041326613
-38.697608848,176.041581370
-38.697322793,176.041886669
-38.697179607,176.042065372
-38.696905167,176.042266478
-38.696767053,176.042795936
-38.696727288,176.043608286
-38.696746771,176.044117292
-38.696569183,176.044468500
-38.696253132,176.044994632
-38.696114628,176.045398519
-38.696094838,176.045448965
-38.695916681,176.045801297
-38.695579893,176.046124900
-38.695381485,176.046401018
-38.695242377,176.046831740
-38.695202543,176.047111600
-38.695162524,176.047774294
-38.694963651,176.048179136
-38.694923831,176.048306111
-38.694645105,176.048710160
-38.694585369,176.048709199
-38.694326291,176.048756170
-38.694286407,176.048755533
-38.693927081,176.048800984
-38.693707150,176.048899933
-38.693506980,176.049050536
-38.693446805,176.049280242
-38.693286406,176.049559869
-38.693005556,176.049735502
-38.692905031,176.050067694
-38.692884769,176.050452325
-38.692864638,176.050554728
-38.692824297,176.050913542
-38.692442136,176.051269060
-38.692341357,176.051550687
-38.692341244,176.051781920
-38.692240449,176.052122828
-38.691963423,176.052572743
-38.691785131,176.052873212
-38.691784791,176.053535741
-38.691883590,176.053895120
-38.692002160,176.054178429
-38.691922877,176.054456576
-38.691586125,176.054601034
-38.691407596,176.054724115
-38.691209015,176.054923370
-38.691049910,176.055276914
-38.691069362,176.056068654
-38.691188222,176.056683613
-38.691188029,176.057040856
-38.691009084,176.057292751
-38.690989193,176.057317916
-38.690710600,176.057517203
-38.690650876,176.057516142
-38.690312085,176.057561263
-38.689912683,176.057810176
-38.689672640,176.058010976
-38.689412147,176.058467956
-38.689191488,176.058823523
-38.688970493,176.059359045
-38.688769367,176.059869710
-38.688708702,176.060536407
-38.688668046,176.061331833
-38.688426455,176.061689406
-38.688124118,176.062046988
-38.687881961,176.062276842
-38.687437484,176.062325586
-38.687255283,176.062504798
-38.687072846,176.062813024
-38.687052175,176.063508776
-38.687173357,176.064101756
-38.687436267,176.064385461
-38.687719162,176.064462968
-38.688042018,176.064514688
-38.688203257,176.064540519
-38.688233887,176.065030057
-38.688335539,176.065472758
-38.688498196,176.065968752
-38.688762323,176.066622206
-38.688985581,176.067118891
-38.689269390,176.067719779
-38.689714549,176.068710205
-38.689997344,176.069308939
-38.690017522,176.069360868
-38.690420923,176.070012626
-38.691024442,176.071129113
-38.693083116,176.074793727
-38.694549703,176.076996245
-38.695385816,176.078416315
-38.696020448,176.079215732
-38.696534282,176.079967719
-38.697087067,176.080667285
-38.697764034,176.081593384
-38.698646506,176.082820281
-38.699300558,176.083593497
-38.699881574,176.084179393
-38.700409582,176.084291264
-38.700735546,176.084313177
-38.701044401,176.084752774
-38.701151896,176.084945188
-38.701359661,176.085152398
-38.701531618,176.085116677
-38.701722745,176.085055972
-38.701924931,176.085084383
-38.702109897,176.085302222
-38.702120167,176.085315005
-38.702325167,176.085570158
-38.702335396,176.085582890
-38.703122806,176.086330411
-38.703342863,176.086571831
-38.703590789,176.086833237
-38.703860477,176.086947097
-38.704141457,176.087044232
-38.704432349,176.087059857
-38.704581925,176.086978547
-38.704729015,176.086784168
-38.704764201,176.086654769
-38.704923704,176.086477204
-38.705097142,176.086396915
-38.705308383,176.086365285
-38.705495674,176.086414103
-38.705609080,176.086510834
-38.705788111,176.086524913
-38.706156184,176.086874352
-38.706684682,176.087386986
-38.707030830,176.087516562
-38.707439247,176.087562107
-38.707634920,176.087527060
-38.707817314,176.087508730
-38.708014409,176.087605578
-38.708172366,176.087719040
-38.708472428,176.087846897
-38.708758640,176.087990749
-38.709156925,176.088034344
-38.709488094,176.088013437
-38.709728997,176.087993845
-38.709981361,176.087957921
-38.710155117,176.087809669
-38.710354148,176.087693888
-38.710527238,176.087562557
-38.710598653,176.087367911
-38.710658718,176.087238165
-38.710680644,176.087076522
-38.710703176,176.086947221
-38.710645539,176.086543848
-38.710579336,176.086350181
-38.710524671,176.086107851
-38.710410048,176.086010780
-38.710445207,176.085881459
-38.710527679,176.085606923
-38.710498031,176.085364391
-38.710609429,176.085300446
-38.710682875,176.085220215
-38.710817670,176.085092169
-38.710913944,176.084915723
-38.711017528,176.084877573
-38.711134948,176.084825402
-38.711491649,176.084966716
-38.711754167,176.085043452
-38.712185067,176.085165321
-38.712417919,176.085176292
-38.712649979,176.085187227
-38.712866887,176.085116671
-38.713094320,176.084964434
-38.713154414,176.084767235
-38.713100265,176.084605066
-38.713238387,176.084488207
-38.713326585,176.084437669
-38.713388629,176.084355077
-38.713449376,176.084207445
-38.713562349,176.084140496
-38.713518115,176.083815703
-38.713452794,176.083718901
-38.713501406,176.083604343
-38.713641468,176.083635170
-38.713818525,176.083632991
-38.714019077,176.083565669
-38.714116664,176.083402504
-38.714303783,176.083335803
-38.714465059,176.083253374
-38.714625638,176.083155009
-38.714723862,176.083073509
-38.714832236,176.082879264
-38.714916198,176.082717674
-38.714936757,176.082492179
-38.714934002,176.082347307
-38.714891526,176.082073687
-38.714728546,176.082009330
-38.714651917,176.081912573
-38.714855026,176.081461736
-38.714975876,176.081285220
-38.715071110,176.081076715
-38.715117604,176.080916327
-38.715151382,176.080739877
-38.715172463,176.080547331
-38.715266790,176.080307592
-38.715338130,176.080164118
-38.715433433,176.079989098
-38.715479353,176.079813542
-38.715502453,176.079733823
-38.715512933,176.079637899
-38.715511103,176.079541768
-38.715544360,176.079350232
-38.715544055,176.079334214
-38.715577292,176.079142787
-38.715588063,176.079062990
-38.715611426,176.078999490
-38.715647064,176.078936294
-38.715670710,176.078888849
-38.715694043,176.078825423
-38.715705402,176.078777722
-38.715716149,176.078698038
-38.715727199,176.078634364
-38.715738247,176.078570700
-38.715749292,176.078507048
-38.715748075,176.078443084
-38.715759118,176.078379450
-38.715769856,176.078299840
-38.715768638,176.078235887
-38.715779373,176.078156297
-38.715789803,176.078060735
-38.715800534,176.077981176
-38.715799925,176.077949208
-38.715822599,176.077854062
-38.715845874,176.077790906
-38.715868835,176.077711799
-38.715916558,176.077649486
-38.715952327,176.077602783
-38.716000292,176.077556509
-38.716048526,176.077526223
-38.716097332,176.077527854
-38.716157985,176.077513951
-38.716206407,176.077499651
-38.716761135,176.077316806
-38.717205056,176.077275437
-38.717416470,176.077133039
-38.717495853,176.076851324
-38.717620608,176.076779048
-38.717866373,176.076895635
-38.717891772,176.076894201
-38.718221395,176.076859282
-38.718382009,176.076719749
-38.718409475,176.076408345
-38.718673922,176.076328178
-38.718876551,176.076300427
-38.719048185,176.076111343
-38.719262394,176.076050320
-38.719288352,176.076065163
-38.719499203,176.075906479
-38.719595201,176.075737972
-38.719706136,176.075633855
-38.719865070,176.075445484
-38.719998606,176.075258546
-38.720094043,176.075073759
-38.720281174,176.074965334
-38.720483804,176.074937577
-38.720604640,176.074751352
-38.720875069,176.074475128
-38.721276796,176.073946843
-38.721384932,176.073761329
-38.721423973,176.073416628
-38.721691604,176.073058999
-38.721972496,176.072716924
-38.722465735,176.072369857
-38.722763794,176.072157299
-38.722945319,176.071886092
-38.723276433,176.071524880
-38.723526308,176.071021475
-38.723598952,176.070544399
-38.723621919,176.070102750
-38.723660946,176.069758046
-38.723833691,176.069601488
-38.723989813,176.069331703
-38.724149298,176.069159583
-38.724443064,176.069191888
-38.724702094,176.069324018
-38.724963367,176.069521259
-38.725116880,176.069545192
-38.725436045,176.069576061
-38.725519897,176.069424527
-38.725861001,176.069519099
-38.726182671,176.069666640
-38.726446818,176.069791319
-38.726625860,176.069852006
-38.726831086,176.069904403
-38.727098705,176.069898369
-38.727202614,176.069867951
-38.727337715,176.069648269
-38.727475762,176.069388468
-38.727657718,176.069345295
-38.727900014,176.069412216
-38.728200726,176.069290428
-38.728376196,176.069208763
-38.728552418,176.069026552
-38.728764137,176.068935841
-38.729132644,176.068871120
-38.729402109,176.068775288
-38.729580451,176.068552979
-38.729902140,176.068407175
-38.730326990,176.067850739
-38.730296819,176.067578255
-38.730517740,176.067188867
-38.730762395,176.066407537
-38.731075355,176.065439287
-38.731336978,176.064412345
-38.731312048,176.063689209
-38.731202626,176.063235984
-38.731062464,176.063068518
-38.731000440,176.062832580
-38.731112845,176.062579344
-38.731346451,176.062360837
-38.731667371,176.062027081
-38.731876307,176.061578274
-38.731948258,176.060996387
-38.732037161,176.060532710
-38.732266630,176.060373059
-38.732641405,176.060350773
-38.733138583,176.060660009
-38.733565948,176.060947660
-38.734299057,176.061253740
-38.737156388,176.063369170
-38.740445480,176.065718700
-38.745678387,176.068781941
-38.747638873,176.069780732
-38.751283503,176.071208912
-38.753906907,176.072241492
-38.757680912,176.073427073
-38.762977506,176.074681140
-38.766581050,176.075215911
-38.771916227,176.075711620
-38.776341232,176.076091012
-38.779003604,176.076239967
-38.782268825,176.076333727
-38.785309905,176.076291171
-38.785832188,176.076181177
-38.786174194,176.075998029
-38.786250410,176.075690565
-38.786639738,176.075699752
-38.788853768,176.075459825
-38.791875973,176.074791272
-38.794854793,176.073787930
-38.796832424,176.073014570
-38.798598621,176.072132731
-38.799959431,176.071344807
-38.800614457,176.070695821
-38.800624368,176.070331099
-38.801212402,176.069885844
-38.802342579,176.068786102
-38.803139007,176.067973561
-38.803915730,176.066898378
-38.804445494,176.066289467
-38.804475544,176.065937560
-38.804524788,176.065532404
-38.804925963,176.064724477
-38.805056899,176.064190279
-38.805042265,176.063765082
-38.805158365,176.062807281
-38.805144331,176.061534645
-38.805228232,176.060768766
-38.805205444,176.060107177
-38.805426809,176.059516762
-38.805647572,176.058927941
-38.805865062,176.058263190
-38.805775667,176.057411423
-38.805628782,176.056637336
-38.805130889,176.055680748
-38.804914686,176.054789195
-38.804529030,176.053740309
-38.804390649,176.053120427
-38.804276515,176.052530446
-38.804209196,176.051940107
-38.804028362,176.051471323
-38.803914653,176.050909356
-38.803866318,176.050192801
-38.803938230,176.049542487
-38.803868452,176.048887314
-38.803594003,176.047785823
-38.803629611,176.047445411
-38.803646889,176.046575596
-38.803493753,176.045569896
-38.803355233,176.044619352
-38.803541413,176.044138340
-38.804132965,176.043767722
-38.804945066,176.043404670
-38.805694922,176.043180777
-38.806572817,176.042962614
-38.807373043,176.042446393
-38.807650844,176.041888680
-38.807962088,176.041566891
-38.808516891,176.041420564
-38.808876187,176.041104494
-38.809469872,176.040832706
-38.810181929,176.040439220
-38.811127118,176.040448521
-38.812546711,176.040288736
-38.814572426,176.040007849
-38.817488150,176.039298706
-38.820607961,176.038350977
-38.821847126,176.037733293
-38.822699227,176.036940188
-38.823438184,176.036471130
-38.825452656,176.035462019
-38.827421037,176.034354185
-38.828787501,176.033515718
-38.829631337,176.033281710
-38.830282312,176.032955149
-38.831073442,176.032568292
-38.831435554,176.032249232
-38.832210261,176.031871393
-38.832803937,176.031465672
-38.834501649,176.030335870
-38.835940116,176.029305038
-38.837012248,176.028500422
-38.837794031,176.027640986
-38.838154145,176.027215296
-38.838328161,176.026854710
-38.838446216,176.026428031
-38.838750391,176.026040284
-38.839851585,176.025385654
-38.840901473,176.024613519
-38.841513518,176.024060632
-38.841971517,176.023570362
-38.842651089,176.023191639
-38.843911133,176.022460444
-38.845394972,176.021770992
-38.846283537,176.021255578
-38.846960907,176.020906896
-38.847994000,176.020248443
-38.848858660,176.019535118
-38.849229982,176.018975750
-38.849450029,176.018320478
-38.849575673,176.017758521
-38.849795274,176.017139659
-38.849876287,176.016704367
-38.850277729,176.016165438
-38.850548826,176.015602149
-38.850842484,176.014975970
-38.851042678,176.014713318
-38.851157174,176.014255122
-38.851277096,176.013961409
-38.851628667,176.013637841
-38.852050469,176.013187417
-38.852239477,176.012736511
-38.852358103,176.012479795
-38.852658800,176.012356625
-38.852770884,176.011940119
-38.853684354,176.011480280
-38.854302515,176.010955333
-38.854772185,176.010644151
-38.854992823,176.010122025
-38.855182886,176.009601331
-38.855287025,176.009184927
-38.855775856,176.008814523
-38.856594054,176.008836533
-38.857309301,176.008684353
-38.857923790,176.008326634
-38.858877389,176.008255175
-38.859733242,176.008182110
-38.863060227,176.007868433
-38.865733967,176.007553051
-38.867898198,176.007047782
-38.869309647,176.006496714
-38.870021746,176.005962022
-38.870255471,176.005518148
-38.870295393,176.005079124
-38.870533795,176.004806352
-38.870912513,176.004667284
-38.871501813,176.004426767
-38.872443329,176.003755947
-38.873112983,176.003260097
-38.874043562,176.002315161
-38.874967057,176.000901799
-38.875627535,175.998157878
-38.875916860,175.997148762
-38.876205615,175.996177382
-38.876389468,175.995077060
-38.876372987,175.993900931
-38.876107702,175.992669929
-38.875342140,175.991566379
-38.875301249,175.991141372
-38.875767232,175.990389054
-38.876338240,175.989838312
-38.876924084,175.989164608
-38.877278171,175.988494279
-38.877719458,175.987542890
-38.877849612,175.987003725
-38.877861015,175.986621275
-38.878071712,175.986278284
-38.878157150,175.985899850
-38.878194235,175.985551745
-38.878207747,175.985234612
-38.878166350,175.984756039
-38.878130512,175.984436428
-38.878114888,175.983990727
-38.877858664,175.983020875
-38.877788899,175.982443125
-38.877978208,175.982202430
-38.878139953,175.981897096
-38.878332463,175.981785175
-38.878676597,175.981149150
-38.878919096,175.980445459
-38.879311872,175.979258388
-38.879777688,175.976540994
-38.879982903,175.974843449
-38.880035913,175.973620132
-38.880266984,175.972030066
-38.880304825,175.971750209
-38.880286117,175.971218000
-38.880369411,175.970878434
-38.880555323,175.970763122
-38.880691041,175.970583350
-38.881047369,175.970664371
-38.881373640,175.970619693
-38.881671425,175.970481326
-38.882249374,175.969987744
-38.882616808,175.969489126
-38.882799224,175.968868450
-38.883115675,175.968473916
-38.883149263,175.967989001
-38.882910858,175.967701200
-38.882695846,175.967379613
-38.882530079,175.967024138
-38.882541949,175.966634878
-38.882712637,175.966407912
-38.883384094,175.966054020
-38.883908116,175.965991687
-38.884490102,175.965611687
-38.885008105,175.964981573
-38.885529738,175.963916420
-38.886019912,175.962798424
-38.886437344,175.961781826
-38.886701825,175.960548026
-38.886878225,175.959532789
-38.886966428,175.958701120
-38.886934650,175.957799813
-38.886905057,175.956960654
-38.886695453,175.956352661
-38.886463585,175.955802612
-38.886161463,175.955305639
-38.885833751,175.954803509
-38.885594300,175.954809463
-38.885302007,175.954715780
-38.885086787,175.954787309
-38.884774028,175.954880572
-38.884532131,175.954950236
-38.884253191,175.954704367
-38.884811142,175.954364238
-38.885328640,175.954193644
-38.886043114,175.953883934
-38.886520391,175.953557053
-38.886974998,175.953280139
-38.887455128,175.952846582
-38.888100158,175.952171392
-38.888688441,175.951708784
-38.889232022,175.951230014
-38.890236668,175.950490179
-38.890842460,175.950087503
-38.891325899,175.949709416
-38.891915131,175.949318152
-38.892387864,175.949018964
-38.892685858,175.948599549
-38.892852090,175.948129673
-38.893139518,175.948034208
-38.893443628,175.947963344
-38.894498156,175.947362071
-38.894866994,175.947170702
-38.895840811,175.946676747
-38.896754416,175.946217480
-38.897276910,175.945716518
-38.897579001,175.945400691
-38.898134632,175.945139392
-38.899312470,175.944543551
-38.900038809,175.944168179
-38.900526758,175.943887523
-38.901196379,175.943451177
-38.901933889,175.942984568
-38.902527889,175.942466920
-38.903147332,175.941811445
-38.903793763,175.941040442
-38.904483695,175.939634862
-38.904874727,175.938713164
-38.905237919,175.937389886
-38.905516107,175.936285621
-38.905665275,175.935661464
-38.905653567,175.934988282
-38.905657668,175.934290804
-38.905448265,175.932785877
-38.905503545,175.931565392
-38.905458085,175.930154083
-38.905422800,175.929393650
-38.905448553,175.929008456
-38.905356214,175.928434437
-38.905403165,175.928045996
-38.905383667,175.927765137
-38.905638329,175.926584893
-38.905808692,175.925344139
-38.905816673,175.924675425
-38.905737401,175.924224553
-38.905573198,175.923936820
-38.905423533,175.923866218
-38.905295886,175.923887663
-38.905163462,175.923846623
-38.904997482,175.923797738
-38.904815256,175.923760483
-38.904702179,175.923657834
-38.904585878,175.923487748
-38.905172202,175.922222972
-38.905497403,175.921173144
-38.905806397,175.919913127
-38.906121579,175.918765089
-38.906396164,175.917650427
-38.906914923,175.915994765
-38.907350439,175.914568807
-38.907598881,175.912843022
-38.907816871,175.911284943
-38.907960556,175.910134042
-38.907947645,175.909072576
-38.908004096,175.907503432
-38.907966584,175.906964520
-38.908037314,175.906468407
-38.908107968,175.905972819
-38.908118352,175.904914843
-38.908115109,175.904265138
-38.908039665,175.903784796
-38.908047672,175.903296729
-38.908171376,175.902663519
-38.908234316,175.902063469
-38.907943277,175.901195177
-38.908203207,175.900715467
-38.908324688,175.900058654
-38.908336335,175.899626350
-38.908282348,175.898551873
-38.908260572,175.897341003
-38.908087459,175.896354489
-38.907930994,175.895608533
-38.907850016,175.895046783
-38.907738515,175.894647865
-38.907868079,175.893965616
-38.907916042,175.893446085
-38.908127191,175.892858317
-38.908322613,175.892354414
-38.908660960,175.891812671
-38.908845677,175.891473900
-38.909095673,175.891184346
-38.909335672,175.890762024
-38.909713058,175.890249866
-38.909720598,175.889767035
-38.909847261,175.889516771
-38.910109293,175.889444287
-38.910239114,175.889247929
-38.910302094,175.888976469
-38.910407577,175.888728987
-38.910782315,175.888543473
-38.911144605,175.888492276
-38.911501858,175.888388476
-38.911817446,175.888337056
-38.912125442,175.888560881
-38.912392858,175.888536075
-38.912539867,175.888718082
-38.912685785,175.889207247
-38.912896964,175.889354411
-38.913146136,175.889413879
-38.913523033,175.889404987
-38.913898535,175.889396128
-38.914310587,175.889300420
-38.914669754,175.889099395
-38.914992513,175.888709124
-38.915545974,175.888216017
-38.916219124,175.887632346
-38.916817987,175.886976841
-38.917362760,175.886520521
-38.917561352,175.886013598
-38.917818918,175.885448749
-38.917905641,175.884871523
-38.918129298,175.884745839
-38.918245499,175.884899596
-38.918540520,175.884903890
-38.918853634,175.884879677
-38.918976727,175.884843151
-38.919139536,175.884479829
-38.919350838,175.884517791
-38.919418483,175.884889889
-38.919406962,175.885322037
-38.919504657,175.885826268
-38.919730227,175.886076934
-38.919942261,175.886139871
-38.919985360,175.886163137
-38.920348180,175.886320474
-38.920631563,175.886242688
-38.920823122,175.886038937
-38.920949365,175.885787489
-38.920979023,175.885330298
-38.921136480,175.884943547
-38.921360214,175.884925966
-38.921761993,175.884841132
-38.921916439,175.885015310
-38.922101899,175.885346278
-38.922263085,175.885333214
-38.922415662,175.885123221
-38.922386717,175.884708526
-38.922611444,175.884439098
-38.922903332,175.884192364
-38.923005164,175.884072932
-38.923267552,175.884051023
-38.923505557,175.884003501
-38.923737899,175.883569945
-38.923852885,175.883339869
-38.924132750,175.883289869
-38.924404191,175.883130574
-38.924618457,175.882783829
-38.924849892,175.882381682
-38.925328547,175.881524501
-38.925555685,175.880169951
-38.925595388,175.879512472
-38.925491604,175.878945792
-38.925365740,175.878464222
-38.925679702,175.878207742
-38.925892933,175.878101546
-38.926105702,175.877995579
-38.926146176,175.877630719
-38.926412146,175.877353654
-38.926710569,175.877239849
-38.927039289,175.877261196
-38.927613805,175.877091768
-38.927829045,175.876767266
-38.928106060,175.876409875
-38.928269414,175.876283931
-38.928498320,175.876179105
-38.928746041,175.876045274
-38.928898827,175.875784357
-38.929106962,175.875709613
-38.929312761,175.875607946
-38.929443514,175.875350177
-38.929627529,175.875251064
-38.929856989,175.875202195
-38.930000159,175.875134359
-38.930145222,175.874795037
-38.930337696,175.874235147
-38.930297977,175.873967685
-38.930260131,175.873727103
-38.930247164,175.873240473
-38.930194252,175.872784319
-38.930335122,175.872393759
-38.930702834,175.872256139
-38.931150046,175.872382145
-38.931370060,175.872552879
-38.931591479,175.872750002
-38.932185876,175.872674002
-38.932308777,175.872369044
-38.932306891,175.871752976
-38.932329185,175.871188898
-38.932301266,175.870789401
-38.932236133,175.870446086
-38.932122547,175.869998873
-38.932258429,175.869588163
-38.932275151,175.869239335
-38.932325291,175.868487635
-38.932276926,175.867795802
-38.932156032,175.867241498
-38.932133704,175.867215997
-38.931986593,175.866876404
-38.931635768,175.865984529
-38.931124312,175.865177462
-38.930733133,175.864334895
-38.930188955,175.863710210
-38.929812179,175.862930209
-38.929264114,175.862650316
-38.929221959,175.862653821
-38.928730195,175.862612907
-38.928264905,175.862678727
-38.927680463,175.862919031
-38.927164747,175.863264607
-38.926687601,175.863580889
-38.926362037,175.863912793
-38.925891132,175.864065024
-38.925531994,175.863958267
-38.925488219,175.863962121
-38.925021635,175.863919822
-38.924017622,175.864510622
-38.923443293,175.864954667
-38.922597450,175.865454672
-38.921810490,175.865924350
-38.921003424,175.866200453
-38.920547397,175.866451199
-38.919910600,175.866327714
-38.919886323,175.866302398
-38.919077291,175.865717930
-38.918842283,175.864954220
-38.918736458,175.864091290
-38.918758152,175.863102800
-38.918827799,175.862476619
-38.918858198,175.861939103
-38.918979562,175.861084678
-38.919030387,175.860518435
-38.919013750,175.859312625
-38.918944350,175.857999256
-38.918958982,175.857241135
-38.919301156,175.856657960
-38.919558632,175.856166026
-38.919782510,175.855844863
-38.920081100,175.855324968
-38.920649811,175.854874469
-38.920964962,175.854634529
-38.921302953,175.854421700
-38.921673192,175.854373429
-38.922246844,175.854754540
-38.922884651,175.854854994
-38.923339019,175.854855847
-38.924111824,175.854837883
-38.924647480,175.854860873
-38.925502251,175.854647863
-38.925586351,175.854642971
-38.926063068,175.854236995
-38.926482309,175.854240364
-38.926850792,175.854138860
-38.927110739,175.853989958
-38.927356829,175.853949510
-38.927688344,175.853958003
-38.928076525,175.854203909
-38.928253343,175.854380915
-38.928537403,175.854337857
-38.928916795,175.854502452
-38.929160416,175.854780831
-38.929465965,175.855081300
-38.929788916,175.855353206
-38.930261407,175.855208125
-38.930714885,175.855307222
-38.930991839,175.855449519
-38.931425967,175.855632626
-38.931888568,175.855617986
-38.931976076,175.855609958
-38.932424624,175.855430482
-38.933536884,175.855136630
-38.934809168,175.854557400
-38.936070827,175.853768025
-38.937204871,175.852890055
-38.938066100,175.852149706
-38.938552207,175.851443160
-38.939054143,175.850712462
-38.939098112,175.849882832
-38.939323004,175.849601813
-38.939344803,175.849041573
-38.939335362,175.848616499
-38.939318499,175.848085567
-38.939730852,175.847988189
-38.939913220,175.847488746
-38.940370296,175.847484373
-38.940616692,175.847918952
-38.940881499,175.848622842
-38.941353280,175.848885567
-38.942037340,175.848828592
-38.942470452,175.848612734
-38.943047577,175.848475559
-38.945679535,175.847169628
-38.946998072,175.846308433
-38.948079498,175.845183609
-38.948702868,175.844302110
-38.949210874,175.843404420
-38.949719086,175.841936789
-38.950086660,175.840369689
-38.950307694,175.838434644
-38.950293444,175.837897507
-38.950492768,175.837402430
-38.950510080,175.836982962
-38.950630963,175.836376511
-38.950997859,175.835633442
-38.951326322,175.833709026
-38.951609431,175.831825542
-38.951660435,175.829931052
-38.951655044,175.828219094
-38.951601625,175.826805251
-38.951393492,175.824527318
-38.951423291,175.822929937
-38.951690465,175.820684877
-38.951655952,175.819189278
-38.951653966,175.817154033
-38.951445017,175.815521563
-38.951576917,175.813721952
-38.951349181,175.811821215
-38.951132967,175.810754056
-38.951090266,175.809369946
-38.951495453,175.807564204
-38.951845963,175.806045128
-38.952103942,175.804600845
-38.952265046,175.803832773
-38.952377677,175.802045320
-38.952306310,175.800694822
-38.952033371,175.799868240
-38.952031255,175.799838234
-38.951589163,175.798657000
-38.951310987,175.797433522
-38.950951152,175.796422551
-38.950944774,175.796332153
-38.950914386,175.796242740
-38.950356911,175.794841882
-38.949193735,175.791270513
-38.948092571,175.789027782
-38.946704091,175.786484730
-38.945686772,175.785056655
-38.944528541,175.783441924
-38.943581504,175.782585766
-38.942776918,175.782139924
-38.941950349,175.781813160
-38.941384055,175.781777591
-38.940854350,175.781954376
-38.940122348,175.781772575
-38.939520879,175.781737663
-38.938832868,175.781953524
-38.938498204,175.781504096
-38.938280129,175.780924651
-38.938195862,175.780091397
-38.938275016,175.779778937
-38.938777564,175.779391106
-38.939092659,175.779226704
-38.939405645,175.778693589
-38.940191353,175.776622021
-38.940126688,175.775707605
-38.940074948,175.774976070
-38.940001639,175.773939722
-38.939778921,175.772883815
-38.939671500,175.772063672
-38.939652067,175.771789074
-38.940289120,175.771745237
-38.940928629,175.771792632
-38.941437059,175.771757410
-38.942109390,175.771347372
-38.942526262,175.770443075
-38.942689926,175.769708630
-38.942952595,175.769030408
-38.942974236,175.768999085
-38.943209828,175.768625060
-38.943729917,175.768596829
-38.944308965,175.768774703
-38.944956569,175.769305295
-38.944981963,175.769333632
-38.945330564,175.769640718
-38.945381169,175.769697206
-38.945957239,175.770285810
-38.945982397,175.770313900
-38.946283770,175.771302884
-38.946446723,175.771647382
-38.946838494,175.771974831
-38.947448136,175.772166769
-38.947495678,175.772192773
-38.947889566,175.772281516
-38.947936901,175.772307436
-38.948675006,175.772809794
-38.948746487,175.772862923
-38.948966817,175.773109504
-38.949015717,175.773164231
-38.949723936,175.773662774
-38.950247134,175.773927980
-38.950608624,175.774318331
-38.950878791,175.774775912
-38.951086130,175.775358697
-38.951540857,175.775765959
-38.951921478,175.776148703
-38.952531168,175.776476750
-38.952807370,175.776418827
-38.952917069,175.775333467
-38.953135604,175.774478460
-38.953230047,175.773517673
-38.953445543,175.772964234
-38.953810424,175.772251822
-38.954308581,175.772152469
-38.954331353,175.772150636
-38.955164182,175.772319031
-38.955773183,175.771330739
-38.955874423,175.770531962
-38.955769831,175.769690035
-38.955303714,175.769164298
-38.955256597,175.769138038
-38.955012405,175.768889561
-38.954915645,175.768484274
-38.954890968,175.768456413
-38.954524146,175.767772575
-38.954474608,175.767716584
-38.954253480,175.767493652
-38.954116730,175.766852862
-38.954164262,175.766555695
-38.953716243,175.766372294
-38.953668419,175.766345198
-38.953345546,175.766332005
-38.953322592,175.766333166
-38.953255802,175.766040673
-38.953249542,175.765952227
-38.953285052,175.765477331
-38.953276707,175.765359444
-38.953370586,175.764734681
-38.953670336,175.764751437
-38.954134748,175.764525657
-38.954118047,175.763967394
-38.954115970,175.763938062
-38.953601607,175.763456686
-38.953449718,175.763255664
-38.953424730,175.763227038
-38.953335140,175.762935048
-38.953318464,175.762699537
-38.953311278,175.762295587
-38.953768754,175.762019233
-38.953943809,175.760975580
-38.953761054,175.759991788
-38.953551853,175.759596539
-38.953590500,175.759182218
-38.953917655,175.759011398
-38.953954303,175.758891432
-38.953950171,175.758833092
-38.954088631,175.758559427
-38.954026978,175.758007161
-38.954018718,175.757890560
-38.954113992,175.757328014
-38.954351541,175.756874321
-38.954369105,175.756172210
-38.954370506,175.755559029
-38.954613406,175.755195744
-38.955049594,175.755055971
-38.955397519,175.754950392
-38.955529504,175.754624427
-38.955576299,175.753723636
-38.955539467,175.753203859
-38.955368656,175.752979419
-38.955070926,175.752846938
-38.955214595,175.751919550
-38.954989901,175.750971987
-38.954605925,175.750329115
-38.954399072,175.749963914
-38.954368268,175.749848818
-38.954181214,175.749128442
-38.954154506,175.749071644
-38.953726535,175.748484991
-38.953646065,175.748313978
-38.953325864,175.747982536
-38.952661909,175.747998590
-38.952616097,175.748001733
-38.952142142,175.747826527
-38.952089805,175.747741025
-38.951810967,175.747076332
-38.951455688,175.746325410
-38.951192173,175.745894480
-38.951135273,175.745421318
-38.951118523,175.744856635
-38.951091075,175.744798535
-38.950922043,175.744390298
-38.950896656,175.744361777
-38.950525689,175.744081827
-38.950055113,175.744074592
-38.949292157,175.744321378
-38.947973270,175.744597643
-38.947279837,175.744693042
-38.946747299,175.744719875
-38.946194010,175.744839236
-38.945804232,175.745225741
-38.945524947,175.745454680
-38.945126720,175.745414718
-38.945102051,175.745416035
-38.944566512,175.745567621
-38.944186324,175.745834638
-38.943833759,175.745452851
-38.943367948,175.745972593
-38.942895466,175.746433081
-38.942292728,175.747245823
-38.941223373,175.748062615
-38.939476202,175.749158568
-38.937781104,175.749722689
-38.936726002,175.750139900
-38.936203542,175.750653882
-38.935413695,175.751246888
-38.934899921,175.751643951
-38.934220176,175.752545099
-38.933447516,175.753273406
-38.932933008,175.754174959
-38.932385971,175.755021628
-38.932000009,175.755673413
-38.931951522,175.755708344
-38.931394545,175.755782985
-38.930977131,175.755690339
-38.930086100,175.756020897
-38.929346319,175.756264593
-38.928293798,175.756234358
-38.928217949,175.756180330
-38.927593744,175.755869381
-38.927022689,175.755673629
-38.926474909,175.755505158
-38.926165229,175.755621984
-38.925619334,175.755544043
-38.924589530,175.754981117
-38.924562625,175.754952434
-38.923929255,175.754816459
-38.923854560,175.754822201
-38.923500894,175.754787518
-38.923290842,175.754308232
-38.922725327,175.754163937
-38.922672769,175.754136743
-38.922192000,175.753798539
-38.921844918,175.753574019
-38.921557688,175.753126243
-38.921026177,175.753224831
-38.919820690,175.753951213
-38.919752620,175.753953727
-38.918715481,175.754493840
-38.918263893,175.754955592
-38.917751067,175.755570633
-38.917522991,175.756294353
-38.916995177,175.757095281
-38.915972900,175.756638946
-38.915923563,175.756611412
-38.915109301,175.756200198
-38.914536829,175.755895276
-38.914456452,175.755778201
-38.913527551,175.755274258
-38.912363382,175.755018617
-38.911342904,175.754876407
-38.910404464,175.754975320
-38.909370850,175.755635403
-38.909329231,175.755760977
-38.908504019,175.757009248
-38.907814042,175.758104544
-38.906867463,175.759526393
-38.906716261,175.760006896
-38.906233902,175.760414643
-38.905623853,175.760711277
-38.905312799,175.761293628
-38.904662281,175.761776186
-38.903804659,175.761761287
-38.903757035,175.761763789
-38.902959402,175.761684757
-38.902256490,175.761660582
-38.901038306,175.761692939
-38.899518874,175.762601491
-38.898574902,175.763426691
-38.897862425,175.764431066
-38.897352266,175.765491118
-38.896482003,175.766959139
-38.895984061,175.768141581
-38.895463888,175.769741652
-38.895300426,175.771463124
-38.895410354,175.773016363
-38.895247471,175.774135518
-38.894889821,175.774697884
-38.893981439,175.774740731
-38.892789185,175.774402957
-38.891284712,175.773737521
-38.890244109,175.773370257
-38.889275205,175.772841560
-38.888467545,175.772381527
-38.887970562,175.772038541
-38.887498765,175.772083023
-38.886940269,175.772286756
-38.886814077,175.772873351
-38.886577323,175.773259982
-38.886553446,175.773262363
-38.886162104,175.773179968
-38.885670816,175.773076531
-38.885622627,175.773081270
-38.885020458,175.773171008
-38.884974102,175.773206102
-38.884721972,175.773444957
-38.883375510,175.774357816
-38.882464379,175.774563413
-38.881472032,175.775011958
-38.880468633,175.774819005
-38.879798788,175.774649521
-38.878786604,175.774570729
-38.878763763,175.774572941
-38.877740908,175.774493338
-38.877328763,175.774592527
-38.876563205,175.774366727
-38.875530500,175.774133483
-38.874746602,175.774176197
-38.874178426,175.774289551
-38.873325863,175.774886264
-38.872556562,175.775387665
-38.872163865,175.775732296
-38.871576240,175.775790669
-38.871021589,175.775660996
-38.870452167,175.775717043
-38.870007518,175.775998313
-38.869410955,175.776032677
-38.868458626,175.776028033
-38.867588784,175.775988237
-38.866788577,175.776033710
-38.865719021,175.776426220
-38.865377116,175.776687930
-38.865058036,175.776949111
-38.864709752,175.778183727
-38.864334914,175.778725752
-38.863628074,175.779446430
-38.862763962,175.780122682
-38.861831521,175.780655610
-38.861229969,175.781011715
-38.860853074,175.781382494
-38.860447316,175.781725931
-38.859471544,175.782337077
-38.858851532,175.782788944
-38.857891751,175.783402080
-38.857182413,175.784186889
-38.855966995,175.785646923
-38.855271560,175.786861346
-38.854972071,175.787528613
-38.854277231,175.788548680
-38.853774797,175.789384611
-38.853465300,175.790660390
-38.853236288,175.791425506
-38.853211777,175.792416533
-38.853458639,175.793235653
-38.853237812,175.794124447
-38.853055061,175.794891919
-38.852537262,175.794969748
-38.852466154,175.794976307
-38.851971222,175.795082413
-38.851126720,175.795403413
-38.850540515,175.796036971
-38.849974958,175.796672061
-38.849045720,175.797102188
-38.847951401,175.797799467
-38.847043119,175.798452345
-38.846133843,175.799578239
-38.845058557,175.800323062
-38.844325782,175.800928096
-38.843651923,175.801474384
-38.843285888,175.801854632
-38.843084202,175.802610643
-38.842240270,175.803208717
-38.841578723,175.803827278
-38.840938622,175.804147630
-38.840099686,175.804425473
-38.839417272,175.804631784
-38.838764915,175.804988586
-38.837070800,175.805619036
-38.835637911,175.806111428
-38.834406966,175.806415702
-38.833766205,175.806254498
-38.832901340,175.806518055
-38.832403900,175.806905413
-38.832405968,175.806934734
-38.832032656,175.807492333
-38.831814041,175.808306715
-38.831634613,175.808705448
-38.831077729,175.809016564
-38.830616692,175.809410788
-38.830109120,175.809512011
-38.829247972,175.810332635
-38.828786328,175.810853541
-38.828104621,175.811004248
-38.827256623,175.811261353
-38.826805070,175.811727311
-38.826415488,175.812067626
-38.825845398,175.812304050
-38.825481517,175.812368890
-38.825070295,175.812131626
-38.825026411,175.811859685
-38.824501890,175.811446585
-38.823946806,175.811342039
-38.823399572,175.811390463
-38.822833003,175.811564533
-38.822257616,175.812019784
-38.821676644,175.812446740
-38.820922904,175.812297707
-38.820097866,175.811886990
-38.819635636,175.811361420
-38.819232513,175.810742567
-38.818915941,175.810409170
-38.818829857,175.809828944
-38.818901364,175.809562350
-38.818721205,175.809249512
-38.818401138,175.808883990
-38.818222213,175.808599086
-38.817985255,175.808462822
-38.817939861,175.808464782
-38.817142041,175.808499215
-38.816295692,175.808594905
-38.815843323,175.808762832
-38.815627278,175.809663318
-38.815421679,175.810059970
-38.815358240,175.812147562
-38.815319932,175.812269124
-38.814991125,175.813603665
-38.814512114,175.814175662
-38.813955844,175.814365402
-38.813892206,175.815151796
-38.813820045,175.815819371
-38.813956099,175.817072657
-38.813452670,175.818414099
-38.812860074,175.819226173
-38.812486229,175.819413739
-38.812262223,175.819678596
-38.812208245,175.820292451
-38.811915756,175.821328028
-38.811217566,175.822197622
-38.810755324,175.822984988
-38.810076194,175.823554767
-38.809640549,175.824099315
-38.809246532,175.824215085
-38.809101250,175.823909826
-38.808772850,175.823440465
-38.808646084,175.822970470
-38.808490829,175.822321104
-38.808060191,175.821790833
-38.807578498,175.821036560
-38.807177751,175.820574978
-38.806803207,175.820067362
-38.806224696,175.819483796
-38.805708400,175.818931811
-38.804971003,175.818402464
-38.804581356,175.817896237
-38.803868804,175.817456806
-38.802869990,175.817058890
-38.802438358,175.817173959
-38.802041386,175.817331846
-38.801543755,175.817386279
-38.801078749,175.817203472
-38.800716130,175.817232951
-38.800333936,175.817284717
-38.799799511,175.817105640
-38.799407932,175.817220744
-38.799052285,175.817435467
-38.798833334,175.817782518
-38.798593107,175.817845829
-38.798180347,175.817348299
-38.797843336,175.817026279
-38.797688529,175.816480487
-38.797588903,175.816012128
-38.797559870,175.815600385
-38.797464438,175.815192879
-38.797157882,175.814880338
-38.796857523,175.814440623
-38.796723627,175.813740108
-38.796540915,175.813311154
-38.796484420,175.812750888
-38.796596226,175.812413837
-38.796478031,175.811939074
-38.796135744,175.811427098
-38.795239229,175.810921812
-38.794570570,175.810616074
-38.793772228,175.810115493
-38.793482276,175.809818655
-38.793199810,175.809648855
-38.792747364,175.809672570
-38.792414810,175.809890507
-38.792019792,175.810045373
-38.790946247,175.810469093
-38.789921948,175.810131838
-38.788931296,175.809787085
-38.788308108,175.809263209
-38.788031086,175.808470722
-38.787717645,175.807521918
-38.787524415,175.806535015
-38.786969825,175.805710643
-38.786893002,175.805681377
-38.786189127,175.805291568
-38.785555890,175.805273836
-38.785092467,175.804842253
-38.784711015,175.804154007
-38.783971919,175.803180161
-38.783607653,175.802801085
-38.783357865,175.801847211
-38.783299377,175.801019841
-38.783317596,175.800532241
-38.783534841,175.800292136
-38.783721139,175.799991273
-38.783367324,175.799761531
-38.782948539,175.799375002
-38.782677688,175.798880352
-38.782484587,175.798379281
-38.782476902,175.797898456
-38.782552256,175.797477349
-38.782503516,175.797159485
-38.782412757,175.796619240
-38.782348148,175.796077411
-38.781717739,175.795752135
-38.781662576,175.795722327
-38.781232781,175.795288923
-38.780838807,175.795013480
-38.780252101,175.794711036
-38.779983872,175.794362919
-38.779937971,175.793714183
-38.779882881,175.792935693
-38.779434745,175.792750811
-38.778812525,175.792470331
-38.778378972,175.792577620
-38.777722668,175.792723283
-38.777092743,175.792328259
-38.776626173,175.791948826
-38.776338360,175.791554414
-38.776276461,175.791047573
-38.776326142,175.790278266
-38.776229351,175.789645837
-38.776392687,175.788649038