   5	 2197	 990.888	 978.589	 189.285	 1.212	 100.744	 -86.756
  30	 3517	 959.875	 985.093	 169.603	 1.228	 100.691	 -87.162
   0	 3572	 961.520	 996.102	 189.927	 1.254	 102.715	 -87.212
  36	 2620	 975.188	 991.553	 185.813	 1.217	 103.189	 -87.220
  18	 1332	 991.154	 921.174	 178.861	 1.222	 100.096	 -87.242
   6	 1900	 998.866	 961.292	 170.095	 1.297	 100.923	 -87.268
   5	 1758	 983.360	 919.585	 193.166	 1.193	 100.122	 -87.274
  17	 2704	 992.542	 936.526	 174.329	 1.098	 101.634	 -87.491
  41	 2802	 995.752	 926.673	 181.614	 1.271	 101.053	 -87.508
  18	 1349	 953.907	 936.276	 183.132	 1.293	 100.339	 -87.558
   6	 2400	 996.693	 932.593	 215.933	 1.148	 100.236	 -87.647
  41	 2793	 999.906	 933.058	 180.853	 1.319	 101.121	 -87.671
  17	 3757	 993.227	 960.196	 179.083	 1.032	 101.207	 -87.681
  44	 1795	 983.526	 981.312	 195.899	 1.175	 105.005	 -87.690
  30	 3506	 928.346	 954.400	 180.331	 1.183	 101.074	 -87.728
  17	 1254	 994.891	 999.460	 207.621	 1.111	 103.764	 -87.750
  16	 2842	 964.410	 898.488	 183.828	 1.073	 100.201	 -87.756
  30	 3093	 970.626	 992.135	 176.222	 1.222	 105.616	 -87.787
  42	 2611	 969.699	 968.184	 178.629	 1.346	 102.757	 -87.789
  42	 1850	 941.441	 941.211	 202.086	 1.188	 101.393	 -87.810
   1	 1192	 963.492	 968.931	 206.037	 1.298	 102.759	 -87.842
  37	 2758	 966.162	 895.456	 175.770	 1.230	 100.242	 -87.851
   6	 2703	 990.808	 965.253	 162.252	 1.260	 103.191	 -87.874
  13	 3661	 982.561	 968.629	 209.160	 1.268	 103.541	 -87.912
  46	 3810	 883.940	 991.549	 184.207	 1.428	 100.121	 -87.923
   6	 2103	 961.213	 998.143	 156.928	 1.205	 102.498	 -87.971
   7	 3959	 984.186	 976.533	 175.422	 1.199	 106.781	 -88.034
  20	 1788	 985.890	 959.410	 171.948	 1.331	 103.604	 -88.047
   5	 3529	 909.484	 979.939	 184.576	 1.338	 102.671	 -88.048
  20	 2568	 994.364	 919.436	 165.845	 1.095	 102.976	 -88.051
   1	 1271	 985.793	 934.389	 211.210	 1.261	 102.290	 -88.117
   8	 3883	 944.328	 959.996	 177.388	 1.213	 104.912	 -88.227
  18	 3597	 971.010	 999.584	 198.812	 1.049	 103.836	 -88.299
  44	 2898	 923.717	 906.266	 195.399	 1.086	 100.503	 -88.331
  36	 2309	 982.750	 940.893	 207.518	 1.369	 101.930	 -88.420
   1	 1716	 876.901	 991.831	 179.278	 1.165	 100.488	 -88.425
  47	 1022	 985.524	 937.893	 165.200	 0.983	 100.090	 -88.435
  17	 1421	 920.006	 979.723	 198.404	 1.119	 103.590	 -88.466
   1	 1278	 974.773	 929.179	 217.985	 1.270	 102.145	 -88.466
   5	 1440	 917.119	 987.178	 162.755	 1.202	 102.906	 -88.488
  42	 1688	 996.379	 875.946	 199.311	 0.968	 101.768	 -88.513
  44	 3151	 994.405	 987.083	 215.250	 1.093	 105.947	 -88.514
   0	 3606	 948.432	 939.865	 197.249	 1.226	 105.499	 -88.515
   0	 3605	 948.432	 939.865	 197.249	 1.226	 105.499	 -88.515
  31	 3690	 973.994	 987.112	 204.251	 1.138	 108.029	 -88.517
  46	 3519	 996.651	 933.280	 177.655	 0.955	 101.730	 -88.581
   5	 3882	 936.339	 995.252	 184.999	 1.128	 106.802	 -88.594
  44	 1235	 900.229	 996.125	 187.108	 1.547	 101.293	 -88.595
   5	 2807	 947.607	 912.407	 180.644	 1.309	 102.857	 -88.613
  39	 3453	 996.570	 968.192	 180.823	 0.962	 102.162	 -88.613
  30	 2804	 974.441	 966.929	 175.472	 1.286	 107.876	 -88.617
  36	 2279	 910.820	 989.540	 222.177	 1.416	 101.947	 -88.641
  46	 1812	 945.861	 947.784	 223.004	 1.334	 101.602	 -88.663
  46	 2574	 955.259	 986.863	 168.952	 1.004	 100.153	 -88.667
  18	 3872	 992.395	 855.034	 181.253	 1.156	 103.990	 -88.670
   8	 1229	 960.813	 864.541	 189.887	 1.120	 103.936	 -88.728
  16	 1419	 974.859	 953.999	 187.981	 1.246	 109.050	 -88.794
  30	 2676	 985.554	 995.791	 167.161	 1.390	 107.856	 -88.847
  41	 1452	 964.417	 913.416	 171.628	 1.069	 105.529	 -88.852
  48	 3859	 997.337	 926.527	 184.551	 1.086	 109.576	 -88.868
  31	 1454	 912.688	 942.080	 206.548	 1.183	 104.719	 -88.904
  18	 3655	 968.178	 948.868	 199.616	 1.117	 108.695	 -88.912
  39	 3240	 983.813	 889.296	 173.005	 1.054	 106.377	 -88.913
   5	  931	 897.864	 961.731	 164.892	 1.252	 103.175	 -88.922
  44	 3708	 960.828	 832.774	 188.940	 1.191	 101.844	 -88.922
  42	 3860	 991.565	 983.950	 171.563	 1.228	 111.967	 -88.952
  36	 3281	 846.088	 988.388	 181.269	 1.385	 102.510	 -89.021
  31	 3500	 961.111	 954.544	 171.280	 1.518	 101.219	 -89.072
  41	 1519	 880.017	 945.691	 184.953	 1.216	 104.018	 -89.077
  26	  988	 901.512	 989.817	 229.570	 1.207	 103.495	 -89.094
  13	 1965	 851.635	 978.543	 215.379	 1.433	 101.457	 -89.153
  26	  776	 900.749	 914.756	 223.407	 1.310	 100.702	 -89.167
  39	 3541	 971.049	 937.231	 144.729	 1.090	 100.678	 -89.173
  42	 3737	 994.654	 970.202	 178.220	 1.276	 112.153	 -89.194
  37	 2505	 946.317	 902.609	 207.869	 1.105	 105.895	 -89.201
  18	 3368	 979.138	 897.569	 187.912	 1.045	 108.598	 -89.217
  47	 2299	 963.246	 923.917	 196.614	 1.035	 107.401	 -89.222
  47	 3784	 894.750	 933.694	 227.428	 1.215	 101.806	 -89.230
   1	 2645	 886.200	 997.340	 171.631	 1.511	 103.390	 -89.231
  48	 2920	 924.121	 955.510	 174.244	 1.335	 106.796	 -89.249
   7	 3228	 867.368	 957.186	 193.510	 1.495	 101.152	 -89.251
   8	 2644	 932.952	 916.906	 169.755	 0.992	 100.918	 -89.273
  37	 2503	 948.090	 908.084	 209.141	 1.110	 106.814	 -89.331
  41	 3914	 903.186	 979.867	 197.520	 1.274	 109.070	 -89.339
  47	 2265	 917.928	 891.939	 179.809	 1.331	 102.770	 -89.350
  42	 3711	 986.347	 993.490	 180.481	 1.303	 113.948	 -89.352
  18	  935	 970.147	 852.507	 195.397	 1.035	 106.634	 -89.368
  47	 2236	 921.753	 886.977	 189.966	 1.327	 103.014	 -89.373
  18	 1981	 883.916	 999.816	 202.001	 1.303	 108.760	 -89.401
  30	 2594	 931.969	 992.454	 175.440	 1.455	 107.713	 -89.413
  48	 3037	 985.548	 998.350	 165.670	 1.359	 111.633	 -89.431
   4	 3946	 861.276	 991.677	 224.065	 1.216	 103.201	 -89.431
  44	 3907	 914.037	 934.498	 192.844	 1.150	 108.303	 -89.515
  16	 2354	 970.281	 866.156	 186.937	 1.364	 101.990	 -89.538
  41	 1422	 976.780	 908.620	 169.157	 1.009	 108.021	 -89.539
  20	 2237	 929.784	 966.268	 196.607	 1.080	 109.266	 -89.584
  13	 1717	 968.064	 975.280	 233.377	 1.201	 107.893	 -89.605
  26	 1832	 981.703	 833.514	 199.630	 1.196	 104.869	 -89.610
  33	 3902	 982.693	 872.647	 174.581	 1.098	 109.841	 -89.625
  26	 2425	 962.500	 963.989	 209.752	 1.226	 112.040	 -89.639
   8	 3056	 960.576	 799.723	 194.180	 1.115	 104.169	 -89.639
  41	 3302	 891.698	 958.016	 158.296	 1.381	 102.941	 -89.646
  30	 1415	 991.886	 898.283	 234.523	 1.174	 104.195	 -89.646
  20	 3888	 936.748	 912.948	 184.101	 1.138	 109.715	 -89.652
   4	 2187	 965.621	 875.702	 210.485	 0.965	 104.731	 -89.718
  26	 1641	 999.930	 839.206	 170.114	 1.259	 104.268	 -89.779
  44	 1577	 905.590	 907.222	 207.630	 1.465	 100.937	 -89.823
   1	 3183	 937.949	 982.134	 260.050	 1.195	 100.824	 -89.862
  17	 1857	 989.100	 798.755	 205.349	 0.993	 106.873	 -89.917
  46	 1419	 930.986	 986.010	 228.933	 1.069	 105.820	 -89.921
   1	  890	 974.421	 903.389	 247.987	 1.133	 102.190	 -89.937
  13	 1348	 927.428	 770.277	 221.051	 1.024	 100.086	 -89.983
  30	 1968	 960.636	 947.618	 201.660	 1.014	 110.778	 -90.012
  37	 1604	 862.863	 864.285	 189.457	 1.218	 102.662	 -90.028
   7	 2517	 930.325	 918.243	 174.440	 1.152	 111.138	 -90.090
  48	 2944	 963.727	 941.287	 149.101	 1.339	 105.795	 -90.117
  44	 3408	 953.930	 882.357	 240.688	 1.117	 103.526	 -90.126
  33	 1574	 964.798	 721.397	 211.910	 0.881	 100.925	 -90.151
  13	 1360	 902.790	 784.086	 202.547	 0.961	 100.792	 -90.199
  46	 3648	 980.516	 783.512	 219.665	 1.175	 101.495	 -90.222
   7	  904	 956.968	 735.133	 172.464	 0.989	 103.607	 -90.229
  44	 3393	 954.202	 882.251	 241.696	 1.103	 103.741	 -90.232
  37	 3283	 927.196	 891.657	 193.042	 0.995	 107.943	 -90.296
  29	 1583	 970.759	 960.739	 183.241	 1.255	 117.366	 -90.340
  41	 1562	 817.577	 972.885	 187.530	 1.145	 101.871	 -90.352
  46	 1597	 882.445	 986.837	 218.663	 1.063	 104.952	 -90.353
  46	 3717	 914.259	 953.443	 157.762	 1.569	 101.343	 -90.390
  26	 2993	 921.691	 699.519	 184.147	 0.956	 101.439	 -90.563
  39	 1410	 852.238	 942.860	 219.710	 1.363	 105.943	 -90.582
  13	 2575	 955.653	 954.297	 217.306	 1.137	 115.338	 -90.583
   6	 3534	 863.662	 988.998	 260.475	 1.351	 101.744	 -90.583
  20	 2462	 930.806	 892.374	 148.520	 1.004	 101.982	 -90.601
  33	 3492	 991.733	 939.468	 177.563	 0.942	 113.345	 -90.619
  29	 3440	 866.235	 995.850	 159.385	 1.259	 108.988	 -90.644
  44	 2882	 904.967	 836.364	 202.930	 1.000	 105.979	 -90.648
   5	  793	 879.935	 848.850	 197.792	 1.198	 106.017	 -90.655
   8	 1878	 925.929	 987.772	 165.994	 1.527	 109.024	 -90.668
  37	 3681	 823.763	 983.823	 160.061	 1.492	 102.561	 -90.715
   4	 2603	 810.915	 982.938	 220.847	 1.400	 105.715	 -90.783
   8	 1483	 956.562	 806.393	 186.980	 1.173	 108.575	 -90.797
  17	 1595	 955.699	 739.375	 199.961	 0.815	 102.346	 -90.938
  42	 1220	 997.012	 943.651	 186.964	 0.894	 111.123	 -90.945
  29	 1565	 974.422	 965.784	 179.684	 1.282	 120.623	 -90.986
  36	 1100	 981.878	 801.849	 193.465	 1.173	 109.818	 -91.019
  46	 1319	 929.915	 909.668	 234.050	 1.273	 108.696	 -91.043
  30	  809	 896.460	 774.536	 169.405	 1.164	 102.694	 -91.051
  20	 2063	 873.599	 989.659	 196.509	 1.472	 112.468	 -91.058
   4	 1571	 962.530	 722.814	 178.619	 1.003	 107.617	 -91.092
  39	 1866	 971.339	 993.486	 228.636	 1.341	 115.952	 -91.100
  29	 1958	 903.968	 885.074	 169.508	 1.486	 102.812	 -91.112
   4	  903	 939.743	 777.639	 235.350	 1.105	 102.893	 -91.116
  17	 1592	 959.556	 725.396	 200.103	 0.792	 102.397	 -91.164
   7	 3077	 941.769	 981.160	 207.155	 1.084	 119.887	 -91.194
  48	  836	 906.812	 913.553	 192.151	 1.020	 112.705	 -91.223
  39	 1122	 930.792	 850.856	 192.948	 0.866	 103.849	 -91.270
  26	 1980	 918.723	 936.421	 252.106	 1.311	 106.263	 -91.271
  46	 3269	 988.841	 944.676	 222.716	 1.136	 119.340	 -91.288
   8	 1464	 955.488	 768.933	 167.021	 1.053	 109.304	 -91.290
  18	 2534	 905.921	 880.292	 245.293	 1.335	 102.969	 -91.323
  20	 3094	 875.657	 843.448	 229.851	 1.083	 105.256	 -91.398
  20	 2103	 908.797	 985.053	 201.998	 1.601	 109.943	 -91.429
  46	 3332	 981.430	 988.028	 222.645	 1.194	 122.387	 -91.433
   4	 3192	 950.679	 902.865	 164.356	 1.574	 102.493	 -91.439
  33	 2798	 822.391	 865.694	 194.226	 1.393	 102.594	 -91.464
  48	 1936	 899.679	 967.364	 194.246	 1.017	 113.590	 -91.483
  29	 2820	 993.879	 992.745	 240.467	 0.897	 100.405	 -91.488
  20	 2075	 867.215	 994.449	 200.444	 1.478	 114.411	 -91.539
   1	  979	 904.065	 934.792	 278.128	 1.172	 100.231	 -91.556
  33	  813	 997.503	 814.446	 234.516	 1.197	 106.596	 -91.600
   1	 2045	 839.872	 872.931	 180.440	 1.473	 102.215	 -91.615
  36	 1026	 952.659	 811.452	 223.829	 1.263	 105.717	 -91.631
  33	 1105	 996.655	 793.109	 219.714	 1.159	 109.323	 -91.632
  44	 2018	 994.316	 600.656	 181.816	 0.927	 103.715	 -91.736
   1	 2035	 840.293	 848.217	 184.235	 1.404	 103.022	 -91.777
  47	 3429	 938.681	 819.399	 219.807	 0.966	 111.764	 -91.816
  44	  749	 919.529	 681.433	 213.366	 0.831	 102.702	 -91.845
  42	 2898	 816.578	 973.756	 224.622	 1.594	 105.576	 -91.867
   8	 2253	 984.416	 894.475	 140.816	 1.009	 111.553	 -91.868
  26	 2166	 975.956	 978.025	 236.262	 1.357	 116.485	 -91.927
  29	 2328	 907.267	 859.845	 194.100	 1.534	 102.905	 -91.977
  46	 1199	 911.432	 926.855	 226.058	 0.928	 106.286	 -92.078
  31	 3609	 900.780	 988.145	 204.583	 1.559	 114.404	 -92.080
   8	 1856	 916.416	 955.122	 197.730	 1.701	 105.778	 -92.104
  20	 2016	 845.245	 869.215	 196.109	 1.489	 104.090	 -92.146
  17	 3118	 972.446	 790.758	 167.254	 0.786	 105.737	 -92.148
  36	 1883	 962.219	 938.122	 230.587	 1.080	 120.531	 -92.158
  33	 1051	 997.264	 673.227	 164.832	 0.879	 112.298	 -92.239
  41	 2509	 964.929	 879.132	 245.313	 1.118	 113.789	 -92.290
  39	 3174	 802.803	 929.149	 173.894	 1.534	 104.630	 -92.292
  48	 3467	 936.616	 992.610	 214.323	 1.102	 126.456	 -92.301
  47	  826	 935.123	 858.166	 213.805	 1.039	 118.926	 -92.358
   5	 3209	 931.496	 846.813	 203.085	 1.481	 105.221	 -92.381
  47	 3869	 848.461	 758.856	 158.505	 1.198	 100.470	 -92.462
  16	  827	 927.596	 575.168	 212.777	 0.776	 102.806	 -92.628
   4	 3227	 988.716	 939.769	 174.340	 1.820	 100.391	 -92.688
  39	 1113	 937.021	 861.938	 196.891	 0.796	 102.389	 -92.696
  26	 3833	 928.418	 865.347	 191.310	 1.088	 123.665	 -92.784
  47	 2343	 993.339	 886.269	 272.056	 1.041	 108.219	 -92.788
  48	 2698	 828.947	 882.596	 211.406	 1.181	 112.946	 -92.838
  31	 3540	 865.562	 946.704	 199.066	 1.657	 108.752	 -92.856
  33	 1631	 980.715	 537.561	 217.739	 0.894	 100.124	 -92.938
  42	 2442	 831.624	 994.624	 256.060	 1.822	 100.004	 -92.995
   7	 2869	 872.045	 992.608	 193.175	 1.394	 124.907	 -93.055
  42	  846	 875.698	 973.641	 236.410	 1.548	 113.345	 -93.235
  20	  846	 944.641	 758.434	 194.221	 0.891	 120.565	 -93.387
  33	 3136	 973.677	 765.985	 212.251	 0.889	 122.140	 -93.480
  29	 3944	 914.069	 952.260	 261.666	 0.953	 106.759	 -93.509
   5	 3495	 929.059	 999.069	 135.522	 1.621	 108.379	 -93.532
  31	 2377	 742.416	 988.457	 247.535	 1.201	 102.731	 -93.561
  48	 2769	 833.412	 908.335	 237.758	 1.358	 112.817	 -93.604
  33	  916	 936.869	 827.055	 230.043	 1.405	 108.240	 -93.679
  33	 3581	 978.431	 845.975	 173.769	 0.825	 122.030	 -93.704
  48	 2050	 970.981	 794.244	 180.593	 0.908	 130.665	 -94.154
  20	  805	 977.100	 618.607	 186.644	 0.906	 116.701	 -94.158
  41	  784	 842.585	 815.529	 140.558	 1.076	 106.293	 -94.556
  18	  661	 830.098	 622.347	 217.476	 1.052	 105.528	 -95.623
   1	  720	 829.663	 618.013	 266.711	 0.791	 101.658	 -96.795
  16	 2137	 736.363	 895.097	 242.683	 1.586	 112.101	 -97.434
   7	  735	 880.354	 632.719	 281.295	 1.004	 109.561	 -98.114
  26	  589	 834.340	 600.294	 273.501	 1.161	 100.301	 -98.416
  44	  643	 702.998	 713.787	 271.993	 1.180	 100.488	 -98.646
  36	  855	 853.352	 975.494	 227.797	 1.008	 154.837	 -99.107
  46	  569	 680.671	 883.432	 285.021	 2.353	 100.658	 -105.460
  30	  546	 665.401	 834.591	 363.105	 2.136	 101.732	 -109.796
  44	  485	 601.515	 709.630	 359.033	 2.018	 101.334	 -114.920
  30	  470	 570.259	 697.667	 359.957	 1.937	 103.664	 -116.639
  44	  490	 568.478	 725.740	 328.910	 2.356	 101.389	 -117.954
   6	  474	 624.066	 647.183	 507.615	 1.433	 108.849	 -121.767
   4	  489	 937.120	 816.122	 289.679	 1.069	 365.498	 -123.772
  31	  686	 881.487	 719.835	 283.183	 1.082	 304.481	 -124.365
  18	  420	 411.123	 810.082	 252.441	 3.165	 110.074	 -134.103
  30	  419	 465.714	 512.637	 374.686	 1.930	 101.616	 -134.490
  29	  522	 978.653	 502.569	 192.330	 0.446	 866.778	 -136.258
  13	  388	 465.787	 584.284	 326.520	 2.312	 112.018	 -137.428
   4	  241	 997.999	 406.226	 163.337	 0.327	 1122.566	 -142.975
  13	  364	 435.479	 548.542	 308.296	 2.641	 105.575	 -143.347
   4	  277	 991.076	 411.609	 176.785	 0.334	 1172.328	 -143.633
  42	  312	 985.847	 455.748	 162.643	 0.490	 1170.934	 -146.259
  47	  317	 959.038	 429.078	 163.558	 0.329	 1248.203	 -147.053
  39	  363	 961.599	 367.860	 215.874	 0.301	 1304.000	 -148.835
  41	  345	 870.212	 326.014	 212.172	 0.324	 987.654	 -150.197
  36	  261	 927.849	 377.554	 258.380	 0.324	 1181.359	 -150.491
  36	  231	 902.523	 372.045	 247.517	 0.359	 1122.330	 -150.826
  39	  352	 954.248	 415.620	 277.046	 0.363	 1426.265	 -153.016
  16	  337	 363.167	 416.428	 202.186	 1.854	 113.423	 -158.378
  30	  305	 335.681	 352.272	 202.678	 1.806	 105.951	 -166.256
  41	  152	 480.740	 140.636	 162.662	 0.154	 278.986	 -185.794
   6	  174	 266.621	 291.495	 155.455	 2.171	 121.541	 -212.046
   5	  118	 429.127	 185.627	 362.454	 5.897	 113.406	 -245.834
  44	   28	 205.890	 351.327	 133.180	 1.082	 257.005	 -272.488
  20	   82	 274.780	 238.038	 207.117	 1.549	 349.090	 -299.477
  18	  165	 271.086	 165.876	 258.540	 16.426	 157.032	 -343.694
  45	 2742	 59.767	 145.112	 80.508	 101.541	 388.513	 -inf
  23	 2474	 -78.253	 158.465	 182.427	 52.186	 453.133	 -inf
  14	  416	 228.268	 17.390	 212.108	 145.612	 429.416	 -inf
   9	   71	 278.477	 4.457	 208.591	 256.578	 352.884	 -inf
  10	 3184	 116.983	 11.942	 122.090	 212.285	 501.335	 -inf
  32	  566	 376.025	 93.935	 -91.350	 -127.757	 422.214	 -inf
  28	 1255	 152.463	 147.761	 47.811	 129.453	 312.684	 -inf
  14	  416	 228.268	 17.390	 212.108	 145.612	 429.416	 -inf
  21	 3904	 180.978	 55.126	 82.755	 -5.749	 593.917	 -inf
  49	 3690	 -23.709	 -10.771	 148.228	 -121.939	 505.712	 -inf
  19	 3249	 182.582	 146.116	 32.402	 151.013	 592.002	 -inf
  28	 3297	 152.463	 147.761	 47.811	 129.453	 312.684	 -inf
  49	  628	 -23.709	 -10.771	 148.228	 -121.939	 505.712	 -inf
  22	  694	 5.668	 135.249	 126.356	 122.781	 551.507	 -inf
  38	 1878	 83.983	 235.011	 116.872	 88.654	 414.854	 -inf
   3	 2825	 226.247	 127.650	 76.673	 133.600	 654.336	 -inf
  15	  940	 319.269	 76.206	 265.529	 93.817	 612.233	 -inf
  27	  252	 182.454	 6.609	 96.698	 -92.656	 676.796	 -inf
  49	 3169	 -23.709	 -10.771	 148.228	 -121.939	 505.712	 -inf
  23	 3529	 -78.253	 158.465	 182.427	 52.186	 453.133	 -inf
   2	 1552	 279.503	 62.556	 163.405	 170.205	 528.475	 -inf
  32	 2091	 376.025	 93.935	 -91.350	 -127.757	 422.214	 -inf
  19	  568	 182.582	 146.116	 32.402	 151.013	 592.002	 -inf
  24	 3641	 285.328	 58.697	 333.472	 106.438	 713.783	 -inf
  48	   49	 158.515	 145.195	 -7.916	 -32.863	 552.888	 -inf
  24	 3782	 285.328	 58.697	 333.472	 106.438	 713.783	 -inf
  28	    3	 152.463	 147.761	 47.811	 129.453	 312.684	 -inf
  32	 3503	 376.025	 93.935	 -91.350	 -127.757	 422.214	 -inf
  14	 2072	 228.268	 17.390	 212.108	 145.612	 429.416	 -inf
  23	 3496	 -78.253	 158.465	 182.427	 52.186	 453.133	 -inf
  15	 1756	 319.269	 76.206	 265.529	 93.817	 612.233	 -inf
  32	  896	 376.025	 93.935	 -91.350	 -127.757	 422.214	 -inf
   9	 1183	 278.477	 4.457	 208.591	 256.578	 352.884	 -inf
  32	 3087	 376.025	 93.935	 -91.350	 -127.757	 422.214	 -inf
  24	 3335	 285.328	 58.697	 333.472	 106.438	 713.783	 -inf
  45	 2112	 59.767	 145.112	 80.508	 101.541	 388.513	 -inf
  43	 3582	 376.534	 187.097	 99.154	 127.742	 488.123	 -inf
  37	  209	 303.369	 180.884	 328.975	 95.128	 331.594	 -inf
  23	  740	 -78.253	 158.465	 182.427	 52.186	 453.133	 -inf
  25	 3068	 121.447	 -75.593	 221.479	 135.270	 503.536	 -inf
  34	 3516	 162.520	 25.003	 355.462	 55.341	 452.084	 -inf
  12	 3668	 338.878	 33.866	 453.086	 132.458	 565.458	 -inf
  43	 2829	 376.534	 187.097	 99.154	 127.742	 488.123	 -inf
  34	 2823	 162.520	 25.003	 355.462	 55.341	 452.084	 -inf
  45	  172	 59.767	 145.112	 80.508	 101.541	 388.513	 -inf
  27	 1259	 182.454	 6.609	 96.698	 -92.656	 676.796	 -inf
  12	 2057	 338.878	 33.866	 453.086	 132.458	 565.458	 -inf
   7	  114	 217.719	 -11.647	 158.093	 31.342	 494.318	 -inf
  35	 3385	 235.017	 101.716	 107.086	 170.846	 611.570	 -inf
   0	 2178	 -79.308	 293.753	 186.633	 -54.459	 705.117	 -inf
  25	 1064	 121.447	 -75.593	 221.479	 135.270	 503.536	 -inf
  12	 1304	 338.878	 33.866	 453.086	 132.458	 565.458	 -inf
  27	  960	 182.454	 6.609	 96.698	 -92.656	 676.796	 -inf
  32	 2708	 376.025	 93.935	 -91.350	 -127.757	 422.214	 -inf
  22	 3850	 5.668	 135.249	 126.356	 122.781	 551.507	 -inf
  28	 3577	 152.463	 147.761	 47.811	 129.453	 312.684	 -inf
  35	 2346	 235.017	 101.716	 107.086	 170.846	 611.570	 -inf
  49	  877	 -23.709	 -10.771	 148.228	 -121.939	 505.712	 -inf
  19	 2788	 182.582	 146.116	 32.402	 151.013	 592.002	 -inf
  10	 2759	 116.983	 11.942	 122.090	 212.285	 501.335	 -inf
  35	  836	 235.017	 101.716	 107.086	 170.846	 611.570	 -inf
  22	 1630	 5.668	 135.249	 126.356	 122.781	 551.507	 -inf
  19	 2356	 182.582	 146.116	 32.402	 151.013	 592.002	 -inf
  49	 1675	 -23.709	 -10.771	 148.228	 -121.939	 505.712	 -inf
  22	  327	 5.668	 135.249	 126.356	 122.781	 551.507	 -inf
   0	 1046	 -79.308	 293.753	 186.633	 -54.459	 705.117	 -inf
  15	 3052	 319.269	 76.206	 265.529	 93.817	 612.233	 -inf
  40	  308	 267.440	 27.761	 259.900	 -40.163	 417.753	 -inf
  28	 2680	 152.463	 147.761	 47.811	 129.453	 312.684	 -inf
  13	   96	 194.881	 27.440	 63.223	 36.402	 420.273	 -inf
   3	 1681	 226.247	 127.650	 76.673	 133.600	 654.336	 -inf
  11	 3690	 130.531	 162.180	 90.020	 162.341	 530.527	 -inf
   0	  243	 -79.308	 293.753	 186.633	 -54.459	 705.117	 -inf
  22	 1881	 5.668	 135.249	 126.356	 122.781	 551.507	 -inf
  19	  527	 182.582	 146.116	 32.402	 151.013	 592.002	 -inf
   2	  147	 279.503	 62.556	 163.405	 170.205	 528.475	 -inf
   2	 2835	 279.503	 62.556	 163.405	 170.205	 528.475	 -inf
  25	 1732	 121.447	 -75.593	 221.479	 135.270	 503.536	 -inf
  28	  393	 152.463	 147.761	 47.811	 129.453	 312.684	 -inf
  43	 3882	 376.534	 187.097	 99.154	 127.742	 488.123	 -inf
  15	 3654	 319.269	 76.206	 265.529	 93.817	 612.233	 -inf
   0	 2189	 -79.308	 293.753	 186.633	 -54.459	 705.117	 -inf
  34	   18	 162.520	 25.003	 355.462	 55.341	 452.084	 -inf
  38	 1812	 83.983	 235.011	 116.872	 88.654	 414.854	 -inf
  14	 2147	 228.268	 17.390	 212.108	 145.612	 429.416	 -inf
   3	 1058	 226.247	 127.650	 76.673	 133.600	 654.336	 -inf
  43	 2173	 376.534	 187.097	 99.154	 127.742	 488.123	 -inf
  43	 3268	 376.534	 187.097	 99.154	 127.742	 488.123	 -inf
  21	 2864	 180.978	 55.126	 82.755	 -5.749	 593.917	 -inf
  23	 1476	 -78.253	 158.465	 182.427	 52.186	 453.133	 -inf
  40	  936	 267.440	 27.761	 259.900	 -40.163	 417.753	 -inf
  34	  210	 162.520	 25.003	 355.462	 55.341	 452.084	 -inf
  34	 2150	 162.520	 25.003	 355.462	 55.341	 452.084	 -inf
  17	   83	 5.741	 -150.644	 -61.416	 8.836	 627.853	 -inf
  14	 3906	 228.268	 17.390	 212.108	 145.612	 429.416	 -inf
  24	 1378	 285.328	 58.697	 333.472	 106.438	 713.783	 -inf
  48	  206	 158.515	 145.195	 -7.916	 -32.863	 552.888	 -inf
  34	 2133	 162.520	 25.003	 355.462	 55.341	 452.084	 -inf
  11	  927	 130.531	 162.180	 90.020	 162.341	 530.527	 -inf
  24	  744	 285.328	 58.697	 333.472	 106.438	 713.783	 -inf
  24	 1395	 285.328	 58.697	 333.472	 106.438	 713.783	 -inf
  28	 1396	 152.463	 147.761	 47.811	 129.453	 312.684	 -inf
  25	  870	 121.447	 -75.593	 221.479	 135.270	 503.536	 -inf
  40	  600	 267.440	 27.761	 259.900	 -40.163	 417.753	 -inf
  34	 2825	 162.520	 25.003	 355.462	 55.341	 452.084	 -inf
  25	 3732	 121.447	 -75.593	 221.479	 135.270	 503.536	 -inf
   9	 1403	 278.477	 4.457	 208.591	 256.578	 352.884	 -inf
  45	 2315	 59.767	 145.112	 80.508	 101.541	 388.513	 -inf
  15	 2465	 319.269	 76.206	 265.529	 93.817	 612.233	 -inf
  10	 3346	 116.983	 11.942	 122.090	 212.285	 501.335	 -inf
  38	 3718	 83.983	 235.011	 116.872	 88.654	 414.854	 -inf
  22	 2764	 5.668	 135.249	 126.356	 122.781	 551.507	 -inf
  38	 2919	 83.983	 235.011	 116.872	 88.654	 414.854	 -inf
  21	  198	 180.978	 55.126	 82.755	 -5.749	 593.917	 -inf
  14	 1071	 228.268	 17.390	 212.108	 145.612	 429.416	 -inf
   0	 1200	 -79.308	 293.753	 186.633	 -54.459	 705.117	 -inf
  32	 2327	 376.025	 93.935	 -91.350	 -127.757	 422.214	 -inf
  12	  534	 338.878	 33.866	 453.086	 132.458	 565.458	 -inf
  10	  570	 116.983	 11.942	 122.090	 212.285	 501.335	 -inf
  23	  636	 -78.253	 158.465	 182.427	 52.186	 453.133	 -inf
  34	 2591	 162.520	 25.003	 355.462	 55.341	 452.084	 -inf
  38	  810	 83.983	 235.011	 116.872	 88.654	 414.854	 -inf
  35	 3267	 235.017	 101.716	 107.086	 170.846	 611.570	 -inf
  19	  193	 182.582	 146.116	 32.402	 151.013	 592.002	 -inf
   9	 1521	 278.477	 4.457	 208.591	 256.578	 352.884	 -inf
  10	 1377	 116.983	 11.942	 122.090	 212.285	 501.335	 -inf
  19	 2346	 182.582	 146.116	 32.402	 151.013	 592.002	 -inf
   3	 2313	 226.247	 127.650	 76.673	 133.600	 654.336	 -inf
  40	  715	 267.440	 27.761	 259.900	 -40.163	 417.753	 -inf
  15	   37	 319.269	 76.206	 265.529	 93.817	 612.233	 -inf
  49	  650	 -23.709	 -10.771	 148.228	 -121.939	 505.712	 -inf
  22	 3734	 5.668	 135.249	 126.356	 122.781	 551.507	 -inf
  34	 3258	 162.520	 25.003	 355.462	 55.341	 452.084	 -inf
  32	 3445	 376.025	 93.935	 -91.350	 -127.757	 422.214	 -inf
  12	 1034	 338.878	 33.866	 453.086	 132.458	 565.458	 -inf
  34	 2952	 162.520	 25.003	 355.462	 55.341	 452.084	 -inf
   9	 2704	 278.477	 4.457	 208.591	 256.578	 352.884	 -inf
   3	 3123	 226.247	 127.650	 76.673	 133.600	 654.336	 -inf
  34	  588	 162.520	 25.003	 355.462	 55.341	 452.084	 -inf
   0	 2994	 -79.308	 293.753	 186.633	 -54.459	 705.117	 -inf
  25	 1188	 121.447	 -75.593	 221.479	 135.270	 503.536	 -inf
  10	 2627	 116.983	 11.942	 122.090	 212.285	 501.335	 -inf
  23	 2970	 -78.253	 158.465	 182.427	 52.186	 453.133	 -inf
  23	 1324	 -78.253	 158.465	 182.427	 52.186	 453.133	 -inf
   0	  379	 -79.308	 293.753	 186.633	 -54.459	 705.117	 -inf
   0	 2791	 -79.308	 293.753	 186.633	 -54.459	 705.117	 -inf
  17	  128	 5.741	 -150.644	 -61.416	 8.836	 627.853	 -inf
  35	 2310	 235.017	 101.716	 107.086	 170.846	 611.570	 -inf
   9	 3040	 278.477	 4.457	 208.591	 256.578	 352.884	 -inf
  21	 3137	 180.978	 55.126	 82.755	 -5.749	 593.917	 -inf
  23	 1669	 -78.253	 158.465	 182.427	 52.186	 453.133	 -inf
  22	 3750	 5.668	 135.249	 126.356	 122.781	 551.507	 -inf
  10	 2482	 116.983	 11.942	 122.090	 212.285	 501.335	 -inf
  11	  409	 130.531	 162.180	 90.020	 162.341	 530.527	 -inf
  12	 1966	 338.878	 33.866	 453.086	 132.458	 565.458	 -inf
  40	 1237	 267.440	 27.761	 259.900	 -40.163	 417.753	 -inf
  35	 2055	 235.017	 101.716	 107.086	 170.846	 611.570	 -inf
  24	 3997	 285.328	 58.697	 333.472	 106.438	 713.783	 -inf
  38	 3643	 83.983	 235.011	 116.872	 88.654	 414.854	 -inf
  35	 2878	 235.017	 101.716	 107.086	 170.846	 611.570	 -inf
  32	 1192	 376.025	 93.935	 -91.350	 -127.757	 422.214	 -inf
  24	 1438	 285.328	 58.697	 333.472	 106.438	 713.783	 -inf
   3	 1719	 226.247	 127.650	 76.673	 133.600	 654.336	 -inf
  40	 1178	 267.440	 27.761	 259.900	 -40.163	 417.753	 -inf
  14	 2181	 228.268	 17.390	 212.108	 145.612	 429.416	 -inf
  43	 3316	 376.534	 187.097	 99.154	 127.742	 488.123	 -inf
  45	   22	 59.767	 145.112	 80.508	 101.541	 388.513	 -inf
  40	 1847	 267.440	 27.761	 259.900	 -40.163	 417.753	 -inf
  28	 3999	 152.463	 147.761	 47.811	 129.453	 312.684	 -inf
  45	 1276	 59.767	 145.112	 80.508	 101.541	 388.513	 -inf
  19	 2046	 182.582	 146.116	 32.402	 151.013	 592.002	 -inf
  12	  160	 338.878	 33.866	 453.086	 132.458	 565.458	 -inf
  40	  306	 267.440	 27.761	 259.900	 -40.163	 417.753	 -inf
  28	 3520	 152.463	 147.761	 47.811	 129.453	 312.684	 -inf
  47	   12	 370.459	 204.009	 58.156	 39.466	 563.020	 -inf
   9	 2099	 278.477	 4.457	 208.591	 256.578	 352.884	 -inf
  14	 3416	 228.268	 17.390	 212.108	 145.612	 429.416	 -inf
  38	 2388	 83.983	 235.011	 116.872	 88.654	 414.854	 -inf
  49	 2700	 -23.709	 -10.771	 148.228	 -121.939	 505.712	 -inf
  49	 2302	 -23.709	 -10.771	 148.228	 -121.939	 505.712	 -inf
  40	 1267	 267.440	 27.761	 259.900	 -40.163	 417.753	 -inf
  43	  423	 376.534	 187.097	 99.154	 127.742	 488.123	 -inf
  32	 2101	 376.025	 93.935	 -91.350	 -127.757	 422.214	 -inf
  29	  143	 292.062	 96.463	 361.061	 -80.653	 507.638	 -inf
  28	 3356	 152.463	 147.761	 47.811	 129.453	 312.684	 -inf
  32	  595	 376.025	 93.935	 -91.350	 -127.757	 422.214	 -inf
  23	  900	 -78.253	 158.465	 182.427	 52.186	 453.133	 -inf
  35	 1954	 235.017	 101.716	 107.086	 170.846	 611.570	 -inf
  22	 2923	 5.668	 135.249	 126.356	 122.781	 551.507	 -inf
  12	   15	 338.878	 33.866	 453.086	 132.458	 565.458	 -inf
  40	 2953	 267.440	 27.761	 259.900	 -40.163	 417.753	 -inf
   2	  642	 279.503	 62.556	 163.405	 170.205	 528.475	 -inf
   3	 2535	 226.247	 127.650	 76.673	 133.600	 654.336	 -inf
  12	 3620	 338.878	 33.866	 453.086	 132.458	 565.458	 -inf
  28	 3557	 152.463	 147.761	 47.811	 129.453	 312.684	 -inf
  25	  571	 121.447	 -75.593	 221.479	 135.270	 503.536	 -inf
  45	 2961	 59.767	 145.112	 80.508	 101.541	 388.513	 -inf
  23	  529	 -78.253	 158.465	 182.427	 52.186	 453.133	 -inf
  28	 2088	 152.463	 147.761	 47.811	 129.453	 312.684	 -inf
   9	 2122	 278.477	 4.457	 208.591	 256.578	 352.884	 -inf
   3	 3917	 226.247	 127.650	 76.673	 133.600	 654.336	 -inf
  37	  299	 303.369	 180.884	 328.975	 95.128	 331.594	 -inf
  28	  163	 152.463	 147.761	 47.811	 129.453	 312.684	 -inf
   3	 1237	 226.247	 127.650	 76.673	 133.600	 654.336	 -inf
  40	  289	 267.440	 27.761	 259.900	 -40.163	 417.753	 -inf
  43	 2524	 376.534	 187.097	 99.154	 127.742	 488.123	 -inf
  17	   35	 5.741	 -150.644	 -61.416	 8.836	 627.853	 -inf
  35	 2589	 235.017	 101.716	 107.086	 170.846	 611.570	 -inf
  14	 3574	 228.268	 17.390	 212.108	 145.612	 429.416	 -inf
  12	 3984	 338.878	 33.866	 453.086	 132.458	 565.458	 -inf
   3	 2089	 226.247	 127.650	 76.673	 133.600	 654.336	 -inf
  21	   91	 180.978	 55.126	 82.755	 -5.749	 593.917	 -inf
  23	 3639	 -78.253	 158.465	 182.427	 52.186	 453.133	 -inf
  28	  814	 152.463	 147.761	 47.811	 129.453	 312.684	 -inf
  38	  707	 83.983	 235.011	 116.872	 88.654	 414.854	 -inf
  19	 1742	 182.582	 146.116	 32.402	 151.013	 592.002	 -inf
  19	 1209	 182.582	 146.116	 32.402	 151.013	 592.002	 -inf
  27	 2292	 182.454	 6.609	 96.698	 -92.656	 676.796	 -inf
  21	 2521	 180.978	 55.126	 82.755	 -5.749	 593.917	 -inf
  21	 3790	 180.978	 55.126	 82.755	 -5.749	 593.917	 -inf
  38	 3798	 83.983	 235.011	 116.872	 88.654	 414.854	 -inf
  34	 2572	 162.520	 25.003	 355.462	 55.341	 452.084	 -inf
  25	 3127	 121.447	 -75.593	 221.479	 135.270	 503.536	 -inf
   9	 2348	 278.477	 4.457	 208.591	 256.578	 352.884	 -inf
  43	 1659	 376.534	 187.097	 99.154	 127.742	 488.123	 -inf
  12	 1776	 338.878	 33.866	 453.086	 132.458	 565.458	 -inf
  49	 2135	 -23.709	 -10.771	 148.228	 -121.939	 505.712	 -inf
  14	 1961	 228.268	 17.390	 212.108	 145.612	 429.416	 -inf
  11	  755	 130.531	 162.180	 90.020	 162.341	 530.527	 -inf
  34	 1150	 162.520	 25.003	 355.462	 55.341	 452.084	 -inf
  23	  389	 -78.253	 158.465	 182.427	 52.186	 453.133	 -inf
  11	 1743	 130.531	 162.180	 90.020	 162.341	 530.527	 -inf
  22	 3223	 5.668	 135.249	 126.356	 122.781	 551.507	 -inf
  43	 2496	 376.534	 187.097	 99.154	 127.742	 488.123	 -inf
  23	 2914	 -78.253	 158.465	 182.427	 52.186	 453.133	 -inf
  35	 3064	 235.017	 101.716	 107.086	 170.846	 611.570	 -inf
  15	 1086	 319.269	 76.206	 265.529	 93.817	 612.233	 -inf
  14	  128	 228.268	 17.390	 212.108	 145.612	 429.416	 -inf
  28	 3879	 152.463	 147.761	 47.811	 129.453	 312.684	 -inf
  21	 3708	 180.978	 55.126	 82.755	 -5.749	 593.917	 -inf
  28	  422	 152.463	 147.761	 47.811	 129.453	 312.684	 -inf
  19	  457	 182.582	 146.116	 32.402	 151.013	 592.002	 -inf
  32	  717	 376.025	 93.935	 -91.350	 -127.757	 422.214	 -inf
  22	 3462	 5.668	 135.249	 126.356	 122.781	 551.507	 -inf
   9	 2553	 278.477	 4.457	 208.591	 256.578	 352.884	 -inf
  19	 2896	 182.582	 146.116	 32.402	 151.013	 592.002	 -inf
   0	  690	 -79.308	 293.753	 186.633	 -54.459	 705.117	 -inf
  32	   37	 376.025	 93.935	 -91.350	 -127.757	 422.214	 -inf
