   1	 3183	 257.340	 102.976	 221.520	 17.950	 160.672	 -1.787
  16	 1419	 235.929	 168.524	 197.470	 19.997	 616.750	 -2.335
   8	 3056	 258.676	 133.953	 219.284	 17.196	 4548.348	 -2.512
   1	 2045	 341.066	 126.027	 194.175	 13.742	 2471.112	 -2.524
  16	 2137	 292.638	 129.189	 175.675	 19.346	 3906.908	 -2.557
  29	 2328	 307.397	 148.638	 195.948	 15.382	 3854.819	 -2.564
   1	  890	 259.919	 895.196	 192.705	 19.164	 145.278	 -2.570
  21	 2864	 206.910	 133.093	 230.355	 19.291	 1391.731	 -2.581
  21	 2521	 303.163	 122.452	 239.410	 15.830	 377.379	 -2.627
   6	 2103	 340.577	 190.834	 187.227	 17.980	 4883.901	 -2.639
  13	 1360	 355.704	 175.409	 184.085	 17.072	 686.870	 -2.642
  41	 3302	 349.549	 140.056	 210.128	 15.350	 3430.374	 -2.664
   4	  277	 351.366	 136.727	 205.552	 18.154	 104.789	 -2.669
  39	 3453	 300.401	 105.019	 168.458	 14.416	 2600.353	 -2.736
  37	 3283	 321.043	 944.411	 187.127	 19.736	 907.773	 -2.761
   1	  979	 284.781	 835.084	 185.198	 16.678	 351.555	 -2.806
  46	 1597	 288.161	 245.724	 186.593	 18.826	 1695.760	 -2.823
  18	  661	 204.697	 791.070	 213.865	 19.495	 1410.837	 -2.858
  37	 2758	 301.254	 546.502	 202.961	 19.549	 4709.306	 -2.888
  33	 2798	 382.416	 160.560	 167.912	 14.821	 2144.298	 -2.937
   8	 2253	 274.901	 496.412	 211.170	 18.771	 2915.354	 -2.947
   1	 2035	 331.127	 161.826	 202.117	 13.306	 3087.506	 -2.967
  44	 1235	 248.663	 429.909	 204.368	 19.468	 1342.876	 -2.983
  17	 3757	 252.388	 176.366	 180.411	 17.974	 2894.856	 -2.987
  41	 3914	 235.373	 352.693	 225.495	 19.361	 221.197	 -2.996
  13	 1348	 301.868	 336.096	 193.154	 18.004	 1163.136	 -3.019
  17	 3118	 390.704	 226.630	 185.139	 18.169	 1516.992	 -3.020
  20	 2462	 305.291	 840.232	 199.029	 14.080	 1648.567	 -3.024
  21	 3708	 221.001	 952.450	 252.931	 18.587	 3496.189	 -3.038
  30	 1415	 267.042	 327.736	 198.781	 19.295	 4265.563	 -3.040
  46	 3717	 245.899	 691.445	 171.152	 19.471	 4904.571	 -3.050
  44	 1795	 378.016	 261.371	 167.461	 19.593	 1104.420	 -3.071
  17	 2704	 301.959	 656.425	 177.973	 14.517	 1441.793	 -3.080
  36	 1100	 338.586	 625.422	 178.438	 15.974	 4525.436	 -3.086
  29	 1565	 356.882	 959.352	 178.126	 17.132	 717.210	 -3.086
   8	 1464	 255.281	 724.643	 176.063	 16.565	 2573.337	 -3.111
  20	   82	 256.441	 177.009	 244.134	 15.909	 570.546	 -3.120
  17	 1857	 363.041	 980.096	 170.216	 18.950	 1826.082	 -3.123
  20	 2075	 256.657	 713.227	 228.782	 15.400	 1740.453	 -3.146
  20	 2568	 201.941	 957.606	 186.752	 19.463	 1363.577	 -3.146
  48	 2769	 398.844	 190.357	 209.084	 18.765	 3167.580	 -3.162
   5	 1758	 232.622	 857.555	 241.651	 16.473	 317.090	 -3.172
  20	 2016	 341.434	 638.709	 185.837	 13.537	 1662.957	 -3.184
  29	  143	 232.182	 115.527	 253.273	 12.996	 555.813	 -3.187
  20	 3888	 332.677	 673.875	 195.903	 13.220	 1015.782	 -3.196
  26	  776	 321.060	 228.327	 177.593	 14.333	 497.293	 -3.205
   7	 2869	 293.635	 940.597	 158.266	 17.808	 4607.827	 -3.215
  18	 3872	 332.412	 505.104	 184.790	 14.068	 2838.363	 -3.218
  30	  470	 370.190	 843.015	 164.984	 19.410	 3733.593	 -3.228
   6	 3534	 356.017	 761.113	 202.471	 19.543	 256.009	 -3.242
  30	 3506	 323.094	 872.784	 160.021	 16.030	 2543.139	 -3.248
   5	 3495	 231.601	 549.404	 184.179	 18.451	 4004.915	 -3.250
   4	 3227	 243.991	 424.253	 200.791	 17.032	 805.399	 -3.287
  30	 3517	 315.761	 955.429	 157.874	 16.284	 2449.718	 -3.291
   4	 2187	 240.954	 575.806	 218.474	 15.286	 2336.457	 -3.300
  18	  935	 333.839	 554.584	 163.351	 15.955	 2194.140	 -3.300
  30	 2594	 179.148	 963.796	 217.997	 19.432	 330.051	 -3.317
   4	 2603	 374.037	 769.070	 162.022	 18.637	 3502.570	 -3.318
  21	 3137	 375.262	 638.525	 187.036	 16.434	 2702.406	 -3.328
   8	 2644	 329.058	 607.729	 183.398	 11.078	 2502.660	 -3.330
  44	 1577	 286.288	 632.287	 200.151	 11.724	 851.454	 -3.335
  20	 2103	 263.407	 781.793	 232.855	 14.009	 1287.520	 -3.339
  42	 1220	 337.118	 777.907	 196.229	 10.938	 657.005	 -3.368
   5	 2807	 201.532	 157.338	 269.526	 19.374	 4331.139	 -3.381
  29	 3440	 335.654	 850.810	 204.911	 11.767	 258.289	 -3.386
  20	 2063	 247.698	 831.297	 224.284	 13.484	 996.657	 -3.389
   4	  489	 300.486	 444.681	 174.996	 13.511	 917.202	 -3.411
  26	 1980	 372.533	 415.516	 167.039	 16.280	 3705.134	 -3.420
   5	 3882	 287.284	 464.997	 170.315	 15.275	 2768.162	 -3.421
  37	 1604	 327.960	 700.526	 159.679	 13.618	 2250.238	 -3.427
   5	 3209	 252.175	 561.275	 205.803	 13.249	 1458.589	 -3.460
  13	 1965	 393.995	 445.397	 173.290	 16.808	 3147.562	 -3.462
  31	 3609	 332.941	 627.137	 187.586	 9.576	 2485.239	 -3.465
  41	  152	 469.699	 153.769	 184.736	 17.656	 218.633	 -3.478
  13	 1717	 178.379	 910.859	 248.076	 18.880	 3426.142	 -3.491
  48	 3859	 305.574	 275.038	 153.194	 19.161	 516.942	 -3.495
   5	  931	 338.376	 650.181	 177.748	 9.324	 4716.154	 -3.505
  46	 2574	 321.382	 810.279	 196.978	 9.284	 2825.389	 -3.533
  47	  317	 400.234	 983.690	 185.521	 14.133	 2403.057	 -3.545
  29	 2820	 408.169	 882.277	 165.192	 15.237	 1622.355	 -3.547
  33	 1105	 448.277	 141.956	 146.942	 18.007	 177.632	 -3.571
  31	 3540	 284.040	 462.335	 160.649	 16.454	 1050.566	 -3.578
  47	 3429	 287.221	 751.401	 250.407	 16.030	 2472.810	 -3.593
  21	  198	 322.410	 569.012	 155.323	 14.271	 1915.764	 -3.594
  26	 3833	 320.755	 778.065	 157.887	 12.125	 3047.387	 -3.598
  30	 2804	 227.696	 994.331	 268.827	 16.362	 117.998	 -3.616
  41	  345	 444.860	 163.164	 209.457	 17.803	 649.544	 -3.633
  46	 3332	 338.161	 440.179	 203.589	 10.503	 2865.448	 -3.639
  48	 2944	 414.756	 450.378	 183.401	 16.824	 2588.206	 -3.660
  30	  546	 386.392	 463.598	 185.608	 10.262	 4071.512	 -3.664
   6	  474	 304.711	 401.406	 244.414	 18.893	 588.815	 -3.671
   1	 2645	 195.887	 529.432	 245.182	 18.675	 3463.364	 -3.673
  42	 3860	 361.654	 676.688	 216.745	 16.153	 1819.106	 -3.676
  33	 1574	 414.257	 690.266	 165.145	 11.809	 1594.338	 -3.684
  41	 2802	 263.517	 318.805	 214.195	 14.671	 2538.476	 -3.685
  48	  206	 327.022	 183.859	 209.619	 10.421	 825.921	 -3.690
  42	 1688	 344.218	 230.511	 145.061	 19.174	 1857.951	 -3.692
  46	 1419	 400.106	 698.536	 173.914	 8.851	 2651.062	 -3.699
  33	 3136	 244.676	 434.245	 192.094	 14.643	 3609.068	 -3.723
  33	 3492	 370.690	 117.859	 252.149	 17.295	 2612.496	 -3.732
   6	 2703	 273.210	 211.496	 275.643	 18.210	 946.267	 -3.739
  18	 1349	 226.109	 463.518	 264.531	 18.852	 4766.579	 -3.741
  18	 1332	 217.895	 477.022	 268.187	 19.295	 4878.327	 -3.750
  44	 2898	 484.440	 258.338	 171.743	 17.656	 1177.559	 -3.755
  33	  813	 366.200	 911.425	 191.853	 7.523	 4477.641	 -3.759
   7	  904	 405.235	 300.409	 172.968	 10.679	 2348.344	 -3.766
  26	  988	 425.501	 780.055	 186.419	 19.555	 4360.387	 -3.774
  30	  419	 404.746	 813.026	 154.247	 11.773	 4509.741	 -3.793
  30	 2676	 349.766	 732.167	 225.767	 13.980	 1801.016	 -3.795
  48	 2698	 535.034	 165.363	 154.671	 15.286	 1655.496	 -3.804
  17	 1595	 411.397	 257.270	 203.321	 14.361	 224.490	 -3.821
  17	 1592	 411.397	 257.270	 203.321	 14.361	 224.490	 -3.821
  29	 1583	 400.691	 953.257	 204.465	 19.339	 715.026	 -3.824
  36	 3281	 456.274	 992.169	 165.812	 15.054	 4524.373	 -3.909
  41	 2793	 328.332	 385.155	 186.782	 7.410	 2065.350	 -3.918
  39	 1113	 423.261	 912.649	 166.288	 7.346	 1908.790	 -3.930
  21	 3904	 337.447	 954.142	 181.435	 6.241	 1144.471	 -3.944
  20	 2237	 376.653	 345.164	 225.613	 19.377	 879.983	 -3.962
  48	  836	 281.245	 387.932	 186.646	 10.135	 1344.353	 -3.974
  36	 2279	 527.220	 189.975	 188.442	 18.762	 1158.921	 -3.985
  17	 1254	 420.611	 625.267	 190.107	 8.508	 317.656	 -3.986
  18	 3368	 302.474	 777.458	 226.969	 8.842	 2634.468	 -3.988
   0	 3606	 295.304	 229.550	 184.977	 10.922	 2653.251	 -4.001
   0	 3605	 295.304	 229.550	 184.977	 10.922	 2653.251	 -4.001
  26	 2166	 289.572	 190.096	 256.845	 13.759	 3400.511	 -4.003
  44	 3708	 236.191	 147.297	 266.394	 13.189	 1377.847	 -4.004
  31	 2377	 337.795	 892.116	 226.700	 9.261	 3727.133	 -4.023
  33	 1631	 366.608	 760.429	 145.836	 11.053	 3418.786	 -4.026
   5	 1440	 302.177	 844.490	 226.660	 8.625	 268.116	 -4.028
  16	 2842	 428.975	 514.027	 197.492	 17.377	 1140.807	 -4.041
  39	 1866	 224.236	 552.486	 195.532	 13.189	 3570.786	 -4.051
  16	  337	 583.248	 183.007	 173.807	 19.680	 1156.860	 -4.077
  18	 3655	 292.133	 420.416	 229.727	 10.055	 3491.430	 -4.098
  31	 1454	 366.086	 958.225	 222.120	 9.577	 1152.894	 -4.109
  26	 1832	 289.104	 367.078	 244.389	 13.323	 2696.579	 -4.115
   7	 3077	 341.255	 956.564	 243.445	 13.732	 3648.626	 -4.164
  47	 3869	 362.279	 434.969	 141.887	 15.233	 2220.541	 -4.164
  36	 1883	 428.534	 284.859	 210.193	 15.387	 4010.274	 -4.166
   4	 3946	 359.904	 242.759	 193.213	 6.652	 4542.075	 -4.193
  17	 1421	 370.293	 768.841	 223.145	 9.207	 4156.461	 -4.198
  47	 2236	 699.213	 113.868	 153.929	 19.518	 2234.446	 -4.204
  42	 1850	 293.179	 327.357	 155.367	 13.799	 3303.873	 -4.208
  48	 2920	 471.510	 763.384	 151.344	 11.873	 2315.217	 -4.208
  39	 3240	 545.760	 156.176	 139.944	 14.208	 4307.157	 -4.235
  29	 1958	 259.645	 899.027	 147.828	 14.833	 1067.870	 -4.242
  42	  312	 396.633	 477.754	 167.649	 3.834	 285.989	 -4.245
  16	 2354	 475.857	 604.940	 149.230	 14.737	 2383.951	 -4.252
  47	  826	 445.778	 648.073	 188.484	 6.377	 1645.892	 -4.281
   7	 3959	 311.356	 466.589	 243.572	 10.185	 4028.221	 -4.301
  31	  686	 389.970	 192.760	 157.959	 6.403	 3054.132	 -4.312
  29	 3944	 472.149	 221.290	 158.302	 6.372	 655.215	 -4.338
   7	 3228	 319.267	 679.246	 155.904	 7.031	 2734.221	 -4.369
   8	 1483	 361.300	 740.977	 156.547	 4.968	 4474.087	 -4.370
  18	 3597	 403.229	 468.750	 222.016	 16.825	 2816.793	 -4.400
  44	 3408	 355.822	 108.239	 257.182	 8.425	 2833.837	 -4.430
  42	 3711	 397.421	 377.707	 212.485	 6.838	 1477.431	 -4.437
  39	 1122	 471.014	 985.154	 155.838	 4.531	 2400.900	 -4.438
  26	 1641	 416.383	 785.806	 144.728	 6.138	 1313.009	 -4.442
  26	 2425	 563.826	 268.445	 149.717	 15.199	 2458.275	 -4.456
  18	  165	 462.956	 215.153	 162.122	 4.121	 652.228	 -4.464
  46	  569	 497.824	 742.967	 181.066	 12.449	 1045.783	 -4.469
   7	 2517	 297.795	 715.523	 222.398	 6.414	 2941.930	 -4.473
  33	 3902	 222.991	 956.950	 189.159	 11.166	 1496.165	 -4.530
   8	 1878	 296.448	 758.121	 230.302	 6.682	 2004.877	 -4.541
   8	 1229	 411.709	 461.970	 133.644	 18.894	 2327.474	 -4.556
  36	 2620	 527.370	 645.788	 149.391	 14.376	 1877.747	 -4.573
   1	 1278	 386.322	 415.129	 235.010	 16.182	 1711.340	 -4.581
  41	 1519	 342.010	 636.026	 163.556	 4.064	 4179.459	 -4.591
  33	 1051	 538.393	 132.018	 153.331	 4.941	 274.353	 -4.599
  30	 1968	 582.238	 255.465	 162.363	 12.385	 4112.268	 -4.602
  37	 3681	 228.238	 693.800	 244.673	 10.406	 658.826	 -4.638
  18	 1981	 422.322	 345.870	 198.093	 3.146	 3544.260	 -4.641
  48	 2050	 223.831	 543.765	 278.020	 13.341	 3317.038	 -4.641
  44	 3151	 394.874	 306.718	 131.182	 18.394	 2751.629	 -4.682
  46	 3810	 396.743	 904.690	 165.706	 1.985	 4164.538	 -4.691
  16	  827	 223.690	 543.032	 316.899	 18.253	 2665.152	 -4.724
  18	 2534	 340.090	 452.454	 243.711	 7.638	 2012.057	 -4.729
  42	 3737	 393.371	 365.767	 232.093	 11.348	 769.268	 -4.732
   5	 2197	 553.342	 115.570	 134.717	 7.564	 2407.191	 -4.750
  39	  352	 638.555	 241.102	 142.557	 18.214	 975.415	 -4.762
  46	 3648	 527.223	 559.042	 182.728	 17.108	 4784.321	 -4.763
  29	  522	 710.997	 143.857	 150.960	 14.787	 354.615	 -4.781
  13	  388	 490.539	 942.626	 175.598	 2.209	 988.324	 -4.781
   0	 3572	 292.661	 544.738	 245.918	 6.919	 2476.769	 -4.811
   6	 1900	 409.533	 458.392	 222.993	 6.563	 1774.265	 -4.814
  31	 3690	 408.926	 859.228	 232.698	 13.953	 4943.868	 -4.833
  46	 1199	 529.754	 389.106	 148.719	 4.848	 682.117	 -4.833
  44	 2018	 302.544	 298.576	 226.641	 6.454	 1249.322	 -4.837
  48	 1936	 305.402	 225.448	 281.793	 14.722	 3926.165	 -4.843
  44	  485	 479.109	 425.952	 132.171	 17.410	 395.293	 -4.860
  20	  805	 629.187	 351.496	 148.983	 16.880	 3775.154	 -4.922
  37	  299	 621.215	 174.939	 131.973	 15.881	 1598.453	 -4.925
  31	 3500	 345.911	 467.742	 129.345	 16.543	 1654.190	 -4.925
  44	 3907	 383.545	 161.209	 271.197	 14.708	 3450.716	 -4.965
  20	  846	 579.231	 271.407	 154.899	 6.589	 2148.164	 -4.966
  44	 2882	 637.821	 200.629	 146.431	 9.370	 1023.144	 -4.996
   4	  241	 315.552	 177.827	 224.952	 5.755	 255.328	 -5.023
  36	 1026	 599.931	 855.448	 163.281	 15.646	 2682.437	 -5.032
  41	 1562	 404.613	 647.379	 129.106	 9.442	 4599.427	 -5.053
  26	 2993	 472.224	 374.008	 216.426	 15.923	 2607.267	 -5.073
  46	 1812	 365.508	 354.577	 251.608	 10.668	 1612.140	 -5.091
  44	  643	 454.737	 984.213	 219.387	 9.836	 3529.672	 -5.097
  26	  589	 336.339	 362.540	 187.353	 2.312	 2877.410	 -5.099
  47	 2299	 721.700	 261.893	 144.224	 15.508	 3148.922	 -5.190
  39	  363	 686.922	 375.229	 157.603	 18.310	 1819.196	 -5.214
   4	  903	 450.751	 288.814	 231.387	 14.474	 3620.161	 -5.218
  42	 2611	 253.247	 326.655	 309.466	 16.870	 3685.699	 -5.222
  20	 1788	 535.857	 618.518	 155.571	 0.613	 4986.060	 -5.228
  48	 3037	 575.242	 509.867	 134.988	 13.427	 4123.323	 -5.233
  41	 2509	 637.881	 323.220	 141.656	 12.091	 499.844	 -5.233
   5	  793	 630.862	 416.961	 162.603	 11.079	 3642.167	 -5.260
  13	 3661	 569.060	 501.312	 142.667	 2.471	 4668.682	 -5.300
   8	 1856	 334.859	 548.773	 282.224	 18.897	 2870.109	 -5.324
  13	  364	 581.144	 759.492	 134.857	 7.565	 1653.088	 -5.364
   6	 2400	 634.219	 407.937	 146.056	 7.455	 4347.979	 -5.365
  46	 3269	 421.318	 630.639	 239.185	 8.881	 1796.358	 -5.382
  42	 2442	 442.276	 800.948	 232.684	 12.367	 2485.857	 -5.383
  37	 2503	 198.501	 112.878	 154.243	 19.350	 4987.448	 -5.388
  37	 2505	 198.501	 112.878	 154.243	 19.350	 4987.448	 -5.388
  33	 3581	 193.700	 611.230	 330.211	 15.730	 1541.236	 -5.409
   5	 3529	 232.622	 314.225	 155.964	 14.326	 4532.776	 -5.420
  47	 1022	 658.611	 818.605	 138.520	 19.123	 895.893	 -5.427
  36	 2309	 621.326	 142.917	 161.190	 2.546	 1338.190	 -5.428
  20	 3094	 477.644	 350.694	 213.096	 3.878	 1802.176	 -5.441
  44	 3393	 316.775	 210.113	 276.294	 9.938	 2925.250	 -5.506
  48	 3467	 812.502	 106.962	 144.362	 6.218	 439.859	 -5.520
   4	 3192	 157.061	 911.613	 172.264	 18.246	 984.573	 -5.530
   1	 1716	 201.285	 859.996	 315.854	 12.957	 2116.979	 -5.580
  47	 3784	 712.568	 595.192	 139.004	 18.014	 335.355	 -5.605
   7	  735	 634.183	 242.486	 187.528	 11.054	 967.810	 -5.612
   8	 3883	 584.128	 180.561	 140.308	 0.454	 1040.349	 -5.705
  41	  784	 234.659	 689.568	 184.904	 7.116	 1862.756	 -5.727
  30	 3093	 669.308	 468.577	 161.757	 3.962	 3643.035	 -5.731
  44	  490	 467.859	 458.742	 122.334	 7.252	 392.813	 -5.760
  39	 1410	 747.679	 155.058	 159.896	 4.626	 2496.544	 -5.827
  33	  916	 394.895	 748.134	 264.828	 16.270	 4119.577	 -5.843
  41	 1422	 527.056	 931.566	 212.553	 7.031	 103.528	 -5.873
  30	  809	 682.857	 779.640	 174.829	 12.553	 3583.308	 -5.905
  39	 3174	 656.409	 157.864	 132.230	 2.756	 3744.860	 -5.951
  36	  231	 282.147	 215.958	 336.540	 15.845	 664.355	 -6.002
  39	 3541	 313.262	 137.515	 177.580	 2.696	 2005.095	 -6.048
  44	  749	 880.511	 117.863	 161.123	 4.760	 3676.320	 -6.103
  13	 2575	 304.029	 486.618	 307.540	 9.541	 2917.527	 -6.196
  42	  846	 795.952	 115.375	 149.665	 1.952	 4427.704	 -6.213
   1	 1271	 347.319	 636.583	 301.661	 16.470	 902.779	 -6.334
  46	 3519	 820.914	 827.581	 170.283	 19.629	 4265.616	 -6.337
  21	 3790	 194.631	 918.752	 230.576	 9.131	 1802.170	 -6.391
  30	  305	 812.963	 802.117	 130.231	 4.031	 4359.910	 -6.444
  41	 1452	 355.174	 809.624	 301.545	 18.974	 1826.792	 -6.485
  42	 2898	 806.968	 821.148	 147.401	 0.299	 591.268	 -6.602
   1	  720	 358.720	 634.862	 176.811	 0.067	 1826.434	 -6.723
  46	 1319	 861.351	 762.444	 160.122	 1.933	 1909.535	 -6.733
  47	 2265	 916.927	 245.220	 115.923	 15.577	 3414.706	 -6.795
  47	 2343	 793.951	 234.352	 172.970	 1.434	 3442.613	 -6.962
  21	   91	 246.527	 216.507	 166.508	 6.263	 603.494	 -7.011
   5	  118	 895.811	 387.139	 177.168	 4.794	 1490.360	 -7.318
  44	   28	 189.316	 183.536	 126.042	 18.789	 385.555	 -7.547
   4	 1571	 913.065	 208.915	 189.301	 7.929	 627.320	 -7.557
   1	 1192	 650.390	 240.645	 232.897	 14.603	 2175.129	 -7.757
  37	  209	 321.299	 107.030	 387.060	 15.844	 603.156	 -7.765
  36	  855	 803.246	 980.261	 202.787	 16.356	 1204.135	 -7.990
   6	  174	 241.064	 338.924	 403.005	 14.492	 365.989	 -8.054
  18	  420	 296.966	 430.008	 376.295	 14.895	 2256.589	 -8.201
  36	  261	 178.329	 189.402	 501.553	 18.346	 335.087	 -8.282
  43	 3582	 376.534	 187.097	 99.154	 127.742	 488.123	 -inf
  10	 3184	 116.983	 11.942	 122.090	 212.285	 501.335	 -inf
  45	 2112	 59.767	 145.112	 80.508	 101.541	 388.513	 -inf
   0	 1046	 -79.308	 293.753	 186.633	 -54.459	 705.117	 -inf
  23	  740	 -78.253	 158.465	 182.427	 52.186	 453.133	 -inf
  32	  566	 376.025	 93.935	 -91.350	 -127.757	 422.214	 -inf
  28	  393	 152.463	 147.761	 47.811	 129.453	 312.684	 -inf
  25	 1064	 121.447	 -75.593	 221.479	 135.270	 503.536	 -inf
  11	 3690	 130.531	 162.180	 90.020	 162.341	 530.527	 -inf
  22	 1881	 5.668	 135.249	 126.356	 122.781	 551.507	 -inf
  19	  527	 182.582	 146.116	 32.402	 151.013	 592.002	 -inf
  49	 3690	 -23.709	 -10.771	 148.228	 -121.939	 505.712	 -inf
  12	 2057	 338.878	 33.866	 453.086	 132.458	 565.458	 -inf
  27	 1259	 182.454	 6.609	 96.698	 -92.656	 676.796	 -inf
  14	  416	 228.268	 17.390	 212.108	 145.612	 429.416	 -inf
  28	 3297	 152.463	 147.761	 47.811	 129.453	 312.684	 -inf
  45	  172	 59.767	 145.112	 80.508	 101.541	 388.513	 -inf
  34	 2823	 162.520	 25.003	 355.462	 55.341	 452.084	 -inf
  43	 2829	 376.534	 187.097	 99.154	 127.742	 488.123	 -inf
   2	 2835	 279.503	 62.556	 163.405	 170.205	 528.475	 -inf
   0	  243	 -79.308	 293.753	 186.633	 -54.459	 705.117	 -inf
  12	 3668	 338.878	 33.866	 453.086	 132.458	 565.458	 -inf
  38	 1878	 83.983	 235.011	 116.872	 88.654	 414.854	 -inf
  22	  694	 5.668	 135.249	 126.356	 122.781	 551.507	 -inf
  49	  628	 -23.709	 -10.771	 148.228	 -121.939	 505.712	 -inf
  35	 3385	 235.017	 101.716	 107.086	 170.846	 611.570	 -inf
  34	 3516	 162.520	 25.003	 355.462	 55.341	 452.084	 -inf
  25	 3068	 121.447	 -75.593	 221.479	 135.270	 503.536	 -inf
  19	 3249	 182.582	 146.116	 32.402	 151.013	 592.002	 -inf
  25	 1732	 121.447	 -75.593	 221.479	 135.270	 503.536	 -inf
   3	 1681	 226.247	 127.650	 76.673	 133.600	 654.336	 -inf
  24	 3335	 285.328	 58.697	 333.472	 106.438	 713.783	 -inf
  45	 2742	 59.767	 145.112	 80.508	 101.541	 388.513	 -inf
  10	 2759	 116.983	 11.942	 122.090	 212.285	 501.335	 -inf
  23	 3496	 -78.253	 158.465	 182.427	 52.186	 453.133	 -inf
  14	 2072	 228.268	 17.390	 212.108	 145.612	 429.416	 -inf
  43	 3882	 376.534	 187.097	 99.154	 127.742	 488.123	 -inf
  15	 3052	 319.269	 76.206	 265.529	 93.817	 612.233	 -inf
  32	 3503	 376.025	 93.935	 -91.350	 -127.757	 422.214	 -inf
  32	 2091	 376.025	 93.935	 -91.350	 -127.757	 422.214	 -inf
  19	 2788	 182.582	 146.116	 32.402	 151.013	 592.002	 -inf
  19	  568	 182.582	 146.116	 32.402	 151.013	 592.002	 -inf
  28	    3	 152.463	 147.761	 47.811	 129.453	 312.684	 -inf
  35	 2346	 235.017	 101.716	 107.086	 170.846	 611.570	 -inf
  35	  836	 235.017	 101.716	 107.086	 170.846	 611.570	 -inf
  22	  327	 5.668	 135.249	 126.356	 122.781	 551.507	 -inf
  24	 3641	 285.328	 58.697	 333.472	 106.438	 713.783	 -inf
  22	 1630	 5.668	 135.249	 126.356	 122.781	 551.507	 -inf
  19	 2356	 182.582	 146.116	 32.402	 151.013	 592.002	 -inf
  49	 1675	 -23.709	 -10.771	 148.228	 -121.939	 505.712	 -inf
  24	 3782	 285.328	 58.697	 333.472	 106.438	 713.783	 -inf
  48	   49	 158.515	 145.195	 -7.916	 -32.863	 552.888	 -inf
  49	  877	 -23.709	 -10.771	 148.228	 -121.939	 505.712	 -inf
  15	 1756	 319.269	 76.206	 265.529	 93.817	 612.233	 -inf
   3	 2825	 226.247	 127.650	 76.673	 133.600	 654.336	 -inf
  12	 1304	 338.878	 33.866	 453.086	 132.458	 565.458	 -inf
  32	 3087	 376.025	 93.935	 -91.350	 -127.757	 422.214	 -inf
   7	  114	 217.719	 -11.647	 158.093	 31.342	 494.318	 -inf
  23	 3529	 -78.253	 158.465	 182.427	 52.186	 453.133	 -inf
  23	 2474	 -78.253	 158.465	 182.427	 52.186	 453.133	 -inf
  28	 1255	 152.463	 147.761	 47.811	 129.453	 312.684	 -inf
  27	  252	 182.454	 6.609	 96.698	 -92.656	 676.796	 -inf
   9	 1183	 278.477	 4.457	 208.591	 256.578	 352.884	 -inf
   0	 2178	 -79.308	 293.753	 186.633	 -54.459	 705.117	 -inf
  13	   96	 194.881	 27.440	 63.223	 36.402	 420.273	 -inf
  32	  896	 376.025	 93.935	 -91.350	 -127.757	 422.214	 -inf
  28	 2680	 152.463	 147.761	 47.811	 129.453	 312.684	 -inf
   2	 1552	 279.503	 62.556	 163.405	 170.205	 528.475	 -inf
  40	  308	 267.440	 27.761	 259.900	 -40.163	 417.753	 -inf
  27	  960	 182.454	 6.609	 96.698	 -92.656	 676.796	 -inf
  32	 2708	 376.025	 93.935	 -91.350	 -127.757	 422.214	 -inf
  22	 3850	 5.668	 135.249	 126.356	 122.781	 551.507	 -inf
  28	 3577	 152.463	 147.761	 47.811	 129.453	 312.684	 -inf
  49	 3169	 -23.709	 -10.771	 148.228	 -121.939	 505.712	 -inf
  15	  940	 319.269	 76.206	 265.529	 93.817	 612.233	 -inf
  15	 3654	 319.269	 76.206	 265.529	 93.817	 612.233	 -inf
   9	   71	 278.477	 4.457	 208.591	 256.578	 352.884	 -inf
  14	  416	 228.268	 17.390	 212.108	 145.612	 429.416	 -inf
  24	 1395	 285.328	 58.697	 333.472	 106.438	 713.783	 -inf
  38	 1812	 83.983	 235.011	 116.872	 88.654	 414.854	 -inf
  14	 2147	 228.268	 17.390	 212.108	 145.612	 429.416	 -inf
   3	 1058	 226.247	 127.650	 76.673	 133.600	 654.336	 -inf
  43	 2173	 376.534	 187.097	 99.154	 127.742	 488.123	 -inf
  43	 3268	 376.534	 187.097	 99.154	 127.742	 488.123	 -inf
  23	 1476	 -78.253	 158.465	 182.427	 52.186	 453.133	 -inf
  40	  936	 267.440	 27.761	 259.900	 -40.163	 417.753	 -inf
  34	  210	 162.520	 25.003	 355.462	 55.341	 452.084	 -inf
  34	 2150	 162.520	 25.003	 355.462	 55.341	 452.084	 -inf
  17	   83	 5.741	 -150.644	 -61.416	 8.836	 627.853	 -inf
  14	 3906	 228.268	 17.390	 212.108	 145.612	 429.416	 -inf
  24	 1378	 285.328	 58.697	 333.472	 106.438	 713.783	 -inf
  34	 2133	 162.520	 25.003	 355.462	 55.341	 452.084	 -inf
  11	  927	 130.531	 162.180	 90.020	 162.341	 530.527	 -inf
  24	  744	 285.328	 58.697	 333.472	 106.438	 713.783	 -inf
  38	  810	 83.983	 235.011	 116.872	 88.654	 414.854	 -inf
  34	   18	 162.520	 25.003	 355.462	 55.341	 452.084	 -inf
  28	 1396	 152.463	 147.761	 47.811	 129.453	 312.684	 -inf
  40	  600	 267.440	 27.761	 259.900	 -40.163	 417.753	 -inf
  38	 3718	 83.983	 235.011	 116.872	 88.654	 414.854	 -inf
  40	 1178	 267.440	 27.761	 259.900	 -40.163	 417.753	 -inf
  34	 2825	 162.520	 25.003	 355.462	 55.341	 452.084	 -inf
  25	 3732	 121.447	 -75.593	 221.479	 135.270	 503.536	 -inf
   9	 1403	 278.477	 4.457	 208.591	 256.578	 352.884	 -inf
  45	 2315	 59.767	 145.112	 80.508	 101.541	 388.513	 -inf
  15	 2465	 319.269	 76.206	 265.529	 93.817	 612.233	 -inf
  10	 3346	 116.983	 11.942	 122.090	 212.285	 501.335	 -inf
  22	 2764	 5.668	 135.249	 126.356	 122.781	 551.507	 -inf
  34	 2591	 162.520	 25.003	 355.462	 55.341	 452.084	 -inf
  38	 2919	 83.983	 235.011	 116.872	 88.654	 414.854	 -inf
  14	 1071	 228.268	 17.390	 212.108	 145.612	 429.416	 -inf
   0	 1200	 -79.308	 293.753	 186.633	 -54.459	 705.117	 -inf
  32	 2327	 376.025	 93.935	 -91.350	 -127.757	 422.214	 -inf
  12	  534	 338.878	 33.866	 453.086	 132.458	 565.458	 -inf
  10	  570	 116.983	 11.942	 122.090	 212.285	 501.335	 -inf
  23	  636	 -78.253	 158.465	 182.427	 52.186	 453.133	 -inf
  25	  870	 121.447	 -75.593	 221.479	 135.270	 503.536	 -inf
  35	 3267	 235.017	 101.716	 107.086	 170.846	 611.570	 -inf
   0	  379	 -79.308	 293.753	 186.633	 -54.459	 705.117	 -inf
  32	 3445	 376.025	 93.935	 -91.350	 -127.757	 422.214	 -inf
  19	 2346	 182.582	 146.116	 32.402	 151.013	 592.002	 -inf
   3	 2313	 226.247	 127.650	 76.673	 133.600	 654.336	 -inf
  40	  715	 267.440	 27.761	 259.900	 -40.163	 417.753	 -inf
  15	   37	 319.269	 76.206	 265.529	 93.817	 612.233	 -inf
  49	  650	 -23.709	 -10.771	 148.228	 -121.939	 505.712	 -inf
  22	 3734	 5.668	 135.249	 126.356	 122.781	 551.507	 -inf
  34	 3258	 162.520	 25.003	 355.462	 55.341	 452.084	 -inf
  12	 1034	 338.878	 33.866	 453.086	 132.458	 565.458	 -inf
  23	 2970	 -78.253	 158.465	 182.427	 52.186	 453.133	 -inf
  34	 2952	 162.520	 25.003	 355.462	 55.341	 452.084	 -inf
   9	 2704	 278.477	 4.457	 208.591	 256.578	 352.884	 -inf
   3	 3123	 226.247	 127.650	 76.673	 133.600	 654.336	 -inf
  34	  588	 162.520	 25.003	 355.462	 55.341	 452.084	 -inf
   0	 2994	 -79.308	 293.753	 186.633	 -54.459	 705.117	 -inf
  25	 1188	 121.447	 -75.593	 221.479	 135.270	 503.536	 -inf
  10	 2627	 116.983	 11.942	 122.090	 212.285	 501.335	 -inf
  10	 1377	 116.983	 11.942	 122.090	 212.285	 501.335	 -inf
   9	 1521	 278.477	 4.457	 208.591	 256.578	 352.884	 -inf
  17	  128	 5.741	 -150.644	 -61.416	 8.836	 627.853	 -inf
  40	 1237	 267.440	 27.761	 259.900	 -40.163	 417.753	 -inf
  35	 2310	 235.017	 101.716	 107.086	 170.846	 611.570	 -inf
   9	 3040	 278.477	 4.457	 208.591	 256.578	 352.884	 -inf
  23	 1669	 -78.253	 158.465	 182.427	 52.186	 453.133	 -inf
  22	 3750	 5.668	 135.249	 126.356	 122.781	 551.507	 -inf
  10	 2482	 116.983	 11.942	 122.090	 212.285	 501.335	 -inf
  11	  409	 130.531	 162.180	 90.020	 162.341	 530.527	 -inf
  12	 1966	 338.878	 33.866	 453.086	 132.458	 565.458	 -inf
  35	 2055	 235.017	 101.716	 107.086	 170.846	 611.570	 -inf
  23	 1324	 -78.253	 158.465	 182.427	 52.186	 453.133	 -inf
  24	 3997	 285.328	 58.697	 333.472	 106.438	 713.783	 -inf
  38	 3643	 83.983	 235.011	 116.872	 88.654	 414.854	 -inf
  35	 2878	 235.017	 101.716	 107.086	 170.846	 611.570	 -inf
  32	 1192	 376.025	 93.935	 -91.350	 -127.757	 422.214	 -inf
  24	 1438	 285.328	 58.697	 333.472	 106.438	 713.783	 -inf
   3	 1719	 226.247	 127.650	 76.673	 133.600	 654.336	 -inf
   0	 2791	 -79.308	 293.753	 186.633	 -54.459	 705.117	 -inf
  19	  193	 182.582	 146.116	 32.402	 151.013	 592.002	 -inf
  14	 2181	 228.268	 17.390	 212.108	 145.612	 429.416	 -inf
  35	 2589	 235.017	 101.716	 107.086	 170.846	 611.570	 -inf
  12	  160	 338.878	 33.866	 453.086	 132.458	 565.458	 -inf
  32	  595	 376.025	 93.935	 -91.350	 -127.757	 422.214	 -inf
  45	   22	 59.767	 145.112	 80.508	 101.541	 388.513	 -inf
  28	 3356	 152.463	 147.761	 47.811	 129.453	 312.684	 -inf
  40	 1847	 267.440	 27.761	 259.900	 -40.163	 417.753	 -inf
  28	 3999	 152.463	 147.761	 47.811	 129.453	 312.684	 -inf
  45	 1276	 59.767	 145.112	 80.508	 101.541	 388.513	 -inf
  19	 2046	 182.582	 146.116	 32.402	 151.013	 592.002	 -inf
  40	  306	 267.440	 27.761	 259.900	 -40.163	 417.753	 -inf
  40	  289	 267.440	 27.761	 259.900	 -40.163	 417.753	 -inf
  28	 3520	 152.463	 147.761	 47.811	 129.453	 312.684	 -inf
  47	   12	 370.459	 204.009	 58.156	 39.466	 563.020	 -inf
   9	 2099	 278.477	 4.457	 208.591	 256.578	 352.884	 -inf
  14	 3416	 228.268	 17.390	 212.108	 145.612	 429.416	 -inf
  38	 2388	 83.983	 235.011	 116.872	 88.654	 414.854	 -inf
  49	 2700	 -23.709	 -10.771	 148.228	 -121.939	 505.712	 -inf
  49	 2302	 -23.709	 -10.771	 148.228	 -121.939	 505.712	 -inf
  35	 1954	 235.017	 101.716	 107.086	 170.846	 611.570	 -inf
   3	 1237	 226.247	 127.650	 76.673	 133.600	 654.336	 -inf
  43	  423	 376.534	 187.097	 99.154	 127.742	 488.123	 -inf
   3	 2535	 226.247	 127.650	 76.673	 133.600	 654.336	 -inf
   2	  147	 279.503	 62.556	 163.405	 170.205	 528.475	 -inf
   0	 2189	 -79.308	 293.753	 186.633	 -54.459	 705.117	 -inf
  43	 3316	 376.534	 187.097	 99.154	 127.742	 488.123	 -inf
  22	 2923	 5.668	 135.249	 126.356	 122.781	 551.507	 -inf
  12	   15	 338.878	 33.866	 453.086	 132.458	 565.458	 -inf
  40	 2953	 267.440	 27.761	 259.900	 -40.163	 417.753	 -inf
   2	  642	 279.503	 62.556	 163.405	 170.205	 528.475	 -inf
  12	 3620	 338.878	 33.866	 453.086	 132.458	 565.458	 -inf
  28	  163	 152.463	 147.761	 47.811	 129.453	 312.684	 -inf
  28	 3557	 152.463	 147.761	 47.811	 129.453	 312.684	 -inf
  25	  571	 121.447	 -75.593	 221.479	 135.270	 503.536	 -inf
  45	 2961	 59.767	 145.112	 80.508	 101.541	 388.513	 -inf
  23	  529	 -78.253	 158.465	 182.427	 52.186	 453.133	 -inf
  28	 2088	 152.463	 147.761	 47.811	 129.453	 312.684	 -inf
   9	 2122	 278.477	 4.457	 208.591	 256.578	 352.884	 -inf
   3	 3917	 226.247	 127.650	 76.673	 133.600	 654.336	 -inf
  40	 1267	 267.440	 27.761	 259.900	 -40.163	 417.753	 -inf
  32	 2101	 376.025	 93.935	 -91.350	 -127.757	 422.214	 -inf
  12	 1776	 338.878	 33.866	 453.086	 132.458	 565.458	 -inf
  38	  707	 83.983	 235.011	 116.872	 88.654	 414.854	 -inf
  14	 1961	 228.268	 17.390	 212.108	 145.612	 429.416	 -inf
  14	 3574	 228.268	 17.390	 212.108	 145.612	 429.416	 -inf
  49	 2135	 -23.709	 -10.771	 148.228	 -121.939	 505.712	 -inf
  12	 3984	 338.878	 33.866	 453.086	 132.458	 565.458	 -inf
   3	 2089	 226.247	 127.650	 76.673	 133.600	 654.336	 -inf
  23	 3639	 -78.253	 158.465	 182.427	 52.186	 453.133	 -inf
  28	  814	 152.463	 147.761	 47.811	 129.453	 312.684	 -inf
  19	 1742	 182.582	 146.116	 32.402	 151.013	 592.002	 -inf
   0	  690	 -79.308	 293.753	 186.633	 -54.459	 705.117	 -inf
  19	 1209	 182.582	 146.116	 32.402	 151.013	 592.002	 -inf
  27	 2292	 182.454	 6.609	 96.698	 -92.656	 676.796	 -inf
  38	 3798	 83.983	 235.011	 116.872	 88.654	 414.854	 -inf
  34	 2572	 162.520	 25.003	 355.462	 55.341	 452.084	 -inf
  25	 3127	 121.447	 -75.593	 221.479	 135.270	 503.536	 -inf
   9	 2348	 278.477	 4.457	 208.591	 256.578	 352.884	 -inf
  43	 1659	 376.534	 187.097	 99.154	 127.742	 488.123	 -inf
  34	 1150	 162.520	 25.003	 355.462	 55.341	 452.084	 -inf
  19	 2896	 182.582	 146.116	 32.402	 151.013	 592.002	 -inf
  43	 2524	 376.534	 187.097	 99.154	 127.742	 488.123	 -inf
  23	 2914	 -78.253	 158.465	 182.427	 52.186	 453.133	 -inf
  23	  900	 -78.253	 158.465	 182.427	 52.186	 453.133	 -inf
  17	   35	 5.741	 -150.644	 -61.416	 8.836	 627.853	 -inf
  11	  755	 130.531	 162.180	 90.020	 162.341	 530.527	 -inf
  23	  389	 -78.253	 158.465	 182.427	 52.186	 453.133	 -inf
  11	 1743	 130.531	 162.180	 90.020	 162.341	 530.527	 -inf
  22	 3223	 5.668	 135.249	 126.356	 122.781	 551.507	 -inf
  43	 2496	 376.534	 187.097	 99.154	 127.742	 488.123	 -inf
  35	 3064	 235.017	 101.716	 107.086	 170.846	 611.570	 -inf
   9	 2553	 278.477	 4.457	 208.591	 256.578	 352.884	 -inf
  15	 1086	 319.269	 76.206	 265.529	 93.817	 612.233	 -inf
  14	  128	 228.268	 17.390	 212.108	 145.612	 429.416	 -inf
  28	 3879	 152.463	 147.761	 47.811	 129.453	 312.684	 -inf
  28	  422	 152.463	 147.761	 47.811	 129.453	 312.684	 -inf
  19	  457	 182.582	 146.116	 32.402	 151.013	 592.002	 -inf
  32	  717	 376.025	 93.935	 -91.350	 -127.757	 422.214	 -inf
  22	 3462	 5.668	 135.249	 126.356	 122.781	 551.507	 -inf
  32	   37	 376.025	 93.935	 -91.350	 -127.757	 422.214	 -inf
