  26	 1832	 100.810	 995.975	 100.258	 1.139	 100.840	 -171.006
  36	 1883	 101.632	 997.099	 100.029	 1.118	 101.748	 -171.451
  30	 1968	 100.609	 997.470	 103.252	 1.059	 100.124	 -171.466
  41	 1562	 100.697	 996.709	 101.626	 1.163	 100.794	 -171.581
  39	 1866	 100.061	 995.562	 101.369	 1.142	 101.910	 -171.588
  36	 3281	 100.613	 999.957	 101.039	 1.027	 102.865	 -171.653
   1	  890	 101.880	 990.612	 100.194	 0.996	 100.593	 -171.682
   1	 1271	 100.416	 991.533	 100.030	 1.114	 102.811	 -171.686
   1	 1278	 100.429	 991.260	 100.031	 1.112	 102.799	 -171.697
  47	 2236	 100.844	 998.017	 100.182	 1.123	 103.371	 -171.796
  18	 3597	 100.447	 997.957	 100.431	 1.215	 101.598	 -171.813
  48	 2769	 100.978	 999.795	 100.516	 1.203	 101.597	 -171.817
   7	 2869	 100.466	 989.849	 102.481	 1.125	 100.488	 -171.842
  16	 1419	 102.986	 999.282	 101.106	 1.056	 100.916	 -171.842
  48	 3467	 100.849	 999.790	 102.308	 1.164	 101.090	 -171.842
  37	 2758	 100.910	 981.164	 100.743	 1.113	 100.495	 -171.854
  20	 1788	 101.193	 997.191	 102.231	 0.973	 100.113	 -171.900
  18	  935	 100.213	 998.703	 100.309	 1.181	 103.172	 -171.901
   7	 3228	 100.033	 995.697	 103.848	 1.078	 101.109	 -171.924
   7	 3959	 100.523	 995.054	 100.040	 0.993	 103.382	 -171.928
  29	 2820	 100.770	 990.591	 100.757	 1.081	 102.680	 -172.004
  47	 2265	 101.496	 997.590	 100.361	 1.110	 103.205	 -172.033
  36	 2309	 101.289	 996.271	 102.291	 1.005	 101.070	 -172.055
  36	 2620	 102.933	 987.364	 100.684	 1.089	 100.298	 -172.136
  29	 2328	 101.374	 996.477	 100.382	 0.952	 101.769	 -172.186
  44	 3708	 100.185	 980.652	 102.289	 0.995	 100.212	 -172.227
  48	 2698	 101.394	 999.094	 101.564	 1.177	 101.785	 -172.259
  41	 1519	 100.463	 996.894	 103.454	 1.153	 101.463	 -172.346
  42	 2898	 102.241	 988.037	 100.970	 1.142	 100.696	 -172.350
   1	 1192	 100.610	 983.545	 100.171	 1.011	 102.970	 -172.362
   1	 2645	 101.983	 976.163	 100.330	 1.067	 100.645	 -172.370
  47	 2299	 101.434	 994.078	 100.654	 1.098	 103.431	 -172.373
  44	 3907	 100.052	 978.160	 100.334	 1.029	 102.928	 -172.417
  48	 3037	 101.072	 980.544	 100.056	 1.171	 101.223	 -172.432
  41	 3914	 100.705	 998.251	 102.615	 1.063	 103.267	 -172.437
  48	 2050	 103.378	 999.640	 100.909	 1.050	 102.386	 -172.477
  42	 2442	 101.059	 998.327	 100.576	 0.978	 103.986	 -172.514
  31	 1454	 100.971	 979.296	 100.079	 1.048	 102.827	 -172.538
  44	 2018	 101.089	 984.977	 101.027	 0.939	 100.247	 -172.561
  18	 3368	 100.245	 995.844	 106.231	 1.054	 100.418	 -172.624
  18	 3655	 100.686	 984.669	 101.545	 1.123	 102.535	 -172.734
  13	 2575	 102.673	 971.203	 100.302	 1.050	 100.219	 -172.755
  44	 1795	 102.799	 995.795	 101.085	 1.115	 102.773	 -172.826
  30	 3093	 103.860	 990.201	 101.935	 1.081	 100.320	 -172.831
  41	 1422	 100.089	 998.494	 105.450	 1.124	 101.974	 -172.845
  41	 1452	 100.089	 998.494	 105.450	 1.124	 101.974	 -172.845
   8	 3056	 102.680	 992.521	 103.157	 1.111	 100.596	 -172.873
  48	 3859	 101.825	 980.667	 100.531	 1.038	 102.542	 -172.874
  26	 2993	 101.007	 988.008	 103.871	 1.073	 101.323	 -172.876
  47	 2343	 104.950	 998.495	 101.244	 1.049	 101.248	 -172.882
  39	 3541	 102.033	 995.806	 100.398	 1.187	 102.956	 -172.904
   8	 1483	 102.667	 996.775	 101.929	 1.178	 101.301	 -172.926
   1	  979	 101.824	 981.172	 100.902	 0.969	 101.222	 -172.928
   6	 2103	 103.122	 988.188	 100.927	 1.153	 101.024	 -172.929
  46	 1597	 100.090	 998.983	 101.474	 0.999	 105.949	 -172.957
   6	 2400	 100.556	 988.350	 101.459	 1.082	 104.377	 -172.978
  39	 1122	 102.034	 989.584	 104.668	 1.061	 100.203	 -173.071
  36	 2279	 102.933	 985.020	 101.898	 1.011	 100.958	 -173.084
   5	 3209	 100.590	 974.041	 101.469	 1.196	 100.758	 -173.253
   1	 2035	 103.080	 995.932	 103.131	 0.997	 101.355	 -173.257
  39	 1113	 102.335	 989.394	 104.962	 1.055	 100.038	 -173.259
  26	 2166	 102.066	 987.735	 102.198	 1.145	 101.948	 -173.299
   6	 2703	 101.296	 958.458	 100.539	 1.120	 100.263	 -173.300
  26	 1980	 101.690	 986.902	 101.923	 1.193	 101.393	 -173.314
  44	 3408	 100.421	 971.885	 103.666	 1.013	 100.581	 -173.329
  44	 3393	 100.421	 971.885	 103.666	 1.013	 100.581	 -173.329
   8	 1229	 101.183	 994.119	 103.235	 1.119	 103.428	 -173.332
   8	 1464	 103.286	 991.069	 100.287	 1.201	 101.694	 -173.361
  47	 3784	 101.437	 997.994	 101.756	 0.959	 104.187	 -173.408
  20	 2016	 102.890	 987.717	 100.221	 0.988	 103.633	 -173.415
  48	 2944	 101.413	 991.962	 100.107	 1.266	 102.024	 -173.433
  44	 2882	 102.408	 994.914	 101.387	 0.992	 104.135	 -173.441
   1	 3183	 102.079	 970.068	 101.911	 0.994	 100.337	 -173.449
   7	 2517	 103.356	 964.773	 100.080	 1.014	 100.439	 -173.472
  42	 1220	 100.672	 979.025	 103.338	 0.942	 100.122	 -173.486
  13	 1717	 100.667	 990.608	 100.769	 1.063	 106.824	 -173.523
   8	 2253	 101.445	 998.592	 101.426	 0.947	 104.561	 -173.548
   5	 3882	 101.000	 971.310	 100.866	 1.161	 102.157	 -173.609
  20	 2237	 100.415	 984.078	 103.264	 1.234	 100.866	 -173.709
  48	 2920	 101.512	 995.857	 100.082	 1.333	 100.644	 -173.727
  41	 2509	 101.912	 991.382	 101.000	 1.263	 101.422	 -173.736
   1	  720	 105.384	 996.388	 103.290	 1.009	 100.295	 -173.743
   1	 2045	 104.963	 998.710	 102.777	 1.083	 101.909	 -173.764
  36	 1026	 101.654	 970.594	 103.111	 1.133	 100.330	 -173.783
  37	 3681	 100.223	 992.000	 108.727	 1.039	 100.476	 -173.796
  30	 1415	 100.149	 983.588	 104.567	 0.939	 100.810	 -173.800
   5	 2807	 102.538	 970.366	 102.169	 1.138	 100.234	 -173.820
  47	 1022	 102.676	 996.840	 104.742	 1.159	 101.330	 -173.830
  18	  661	 101.927	 998.002	 104.456	 0.927	 100.649	 -173.862
  47	 3429	 100.587	 989.913	 101.724	 1.008	 106.515	 -173.887
   4	 1571	 104.483	 985.618	 101.916	 1.067	 101.746	 -173.894
  39	 3453	 102.653	 987.302	 101.423	 1.189	 102.380	 -173.907
  46	 1419	 100.968	 974.704	 100.629	 1.210	 102.427	 -173.965
   6	 3534	 100.467	 999.044	 107.498	 1.058	 103.126	 -174.031
  44	  749	 102.189	 955.929	 101.158	 0.985	 100.294	 -174.036
  18	 1332	 100.642	 987.674	 102.353	 1.002	 105.786	 -174.040
   8	 1878	 100.567	 968.353	 101.182	 1.164	 102.865	 -174.065
  26	 3833	 106.757	 992.730	 100.897	 1.148	 100.785	 -174.096
  41	 3302	 101.877	 991.466	 103.332	 1.009	 104.298	 -174.102
  18	 1349	 100.650	 987.510	 102.305	 0.996	 105.951	 -174.134
  13	 1348	 104.110	 993.909	 101.588	 1.063	 104.430	 -174.151
  18	 3872	 101.098	 963.206	 100.595	 1.194	 101.495	 -174.178
  13	 1965	 102.002	 999.478	 100.318	 1.311	 102.376	 -174.195
   4	 3946	 104.845	 989.057	 100.335	 1.111	 103.784	 -174.200
  16	 2354	 100.989	 965.785	 104.739	 1.029	 100.600	 -174.244
   5	 1440	 100.220	 971.647	 101.221	 1.144	 104.601	 -174.244
  42	 1850	 100.901	 998.005	 103.447	 0.920	 103.519	 -174.253
   4	 3192	 102.525	 994.729	 103.143	 1.238	 101.468	 -174.259
  30	 3506	 102.633	 974.640	 101.468	 0.913	 100.321	 -174.281
  30	 3517	 102.633	 974.640	 101.468	 0.913	 100.321	 -174.281
  36	 1100	 100.361	 980.168	 106.940	 1.182	 100.029	 -174.298
  20	 2462	 102.588	 979.060	 100.173	 0.982	 105.001	 -174.299
  46	 1812	 103.068	 986.039	 101.018	 0.980	 104.691	 -174.324
   4	  903	 100.557	 966.043	 103.235	 1.119	 102.209	 -174.327
   8	 1856	 101.166	 959.765	 101.083	 1.079	 103.106	 -174.335
  46	 3648	 101.607	 965.556	 100.374	 1.180	 102.473	 -174.409
   7	 3077	 100.835	 988.434	 107.366	 0.967	 100.777	 -174.418
  26	 1641	 102.274	 968.561	 100.278	 0.921	 101.934	 -174.429
  39	 1410	 103.156	 995.006	 102.117	 1.109	 105.418	 -174.435
  48	  836	 106.936	 999.408	 103.798	 1.008	 100.446	 -174.476
  13	 1360	 104.699	 995.858	 101.583	 1.051	 105.029	 -174.493
  44	 3151	 101.890	 989.310	 104.527	 0.925	 101.091	 -174.494
   7	  904	 104.222	 984.321	 102.070	 1.052	 103.423	 -174.554
  42	 2611	 102.538	 998.575	 100.680	 1.102	 108.556	 -174.557
   5	 2197	 106.975	 988.232	 101.236	 0.965	 100.895	 -174.563
  44	 1235	 103.828	 974.887	 101.192	 1.040	 103.452	 -174.616
  29	 1958	 103.702	 995.608	 100.460	 1.174	 105.613	 -174.639
  37	 3283	 101.436	 948.796	 102.364	 0.967	 100.153	 -174.702
  26	 2425	 100.084	 993.099	 110.435	 1.041	 101.646	 -174.724
  31	 3690	 106.075	 971.991	 101.201	 0.991	 100.763	 -174.808
  41	  784	 100.334	 978.819	 108.956	 1.037	 100.955	 -174.865
  42	 1688	 101.191	 992.934	 103.646	 0.939	 105.311	 -174.954
  18	 1981	 105.415	 996.669	 104.127	 1.104	 102.643	 -174.979
  39	 3240	 102.332	 998.865	 104.479	 1.142	 105.550	 -175.016
   4	 2603	 102.034	 973.631	 104.260	 1.014	 103.207	 -175.093
  41	 2802	 108.400	 999.926	 100.939	 1.144	 102.582	 -175.098
  41	 2793	 108.400	 999.926	 100.939	 1.144	 102.582	 -175.098
  18	 2534	 102.383	 987.172	 101.039	 1.227	 104.774	 -175.175
   5	 3529	 102.451	 958.863	 100.523	 1.030	 104.531	 -175.176
  44	 2898	 102.479	 994.228	 101.846	 0.976	 108.062	 -175.184
   5	 1758	 101.487	 980.398	 106.520	 0.923	 100.263	 -175.264
  20	 2103	 103.566	 968.740	 100.784	 1.070	 105.039	 -175.383
  48	 1936	 100.216	 969.675	 102.561	 0.978	 106.495	 -175.393
  46	 1319	 100.461	 926.819	 102.061	 1.003	 100.603	 -175.415
  46	 3810	 101.349	 961.165	 105.387	 1.088	 101.801	 -175.442
  29	 3944	 100.186	 972.489	 106.212	 0.984	 103.569	 -175.447
  30	  809	 101.536	 970.623	 101.433	 1.131	 106.192	 -175.497
  46	 2574	 100.244	 971.419	 104.050	 1.076	 106.558	 -175.675
  42	  846	 101.652	 963.255	 100.067	 1.253	 103.098	 -175.800
  31	 3500	 107.369	 999.280	 102.221	 0.978	 104.891	 -175.842
  20	 2063	 104.638	 962.691	 100.492	 1.090	 104.242	 -175.875
  31	 3540	 107.626	 990.082	 100.599	 0.966	 104.983	 -175.906
  30	 2804	 104.710	 949.579	 101.016	 0.951	 101.214	 -175.927
  16	 2137	 101.129	 977.183	 103.655	 1.148	 106.449	 -175.985
   7	  735	 111.036	 985.087	 100.241	 1.084	 101.564	 -176.015
  30	  546	 100.240	 950.236	 100.593	 0.866	 102.079	 -176.029
   8	 3883	 101.913	 981.006	 104.470	 0.976	 106.360	 -176.094
  13	 3661	 101.904	 973.293	 102.769	 1.106	 107.156	 -176.168
  16	 2842	 102.403	 984.597	 102.855	 1.059	 109.256	 -176.278
  47	 3869	 102.628	 996.798	 102.506	 0.854	 103.852	 -176.318
  20	  805	 100.922	 933.534	 102.791	 1.127	 101.844	 -176.350
  42	 3711	 100.781	 981.932	 104.369	 1.057	 109.778	 -176.521
  30	 2676	 105.850	 942.576	 101.561	 1.023	 100.961	 -176.527
  37	 2503	 101.456	 960.645	 107.568	 1.075	 102.473	 -176.549
  37	 2505	 101.456	 960.645	 107.568	 1.075	 102.473	 -176.549
  42	 3737	 105.323	 996.647	 105.226	 1.048	 106.213	 -176.562
  39	 3174	 102.438	 960.268	 101.667	 0.979	 106.965	 -176.596
  46	 1199	 105.334	 944.602	 102.170	 1.127	 100.205	 -176.604
  20	 2568	 103.225	 988.931	 102.226	 0.948	 109.365	 -176.627
  31	 2377	 111.024	 978.282	 100.287	 0.983	 102.277	 -176.647
  37	 1604	 107.369	 962.128	 103.513	 1.088	 100.312	 -176.675
   6	 1900	 105.144	 970.229	 105.253	 1.030	 102.672	 -176.710
  20	  846	 102.403	 965.367	 106.870	 1.094	 103.168	 -176.776
  16	  827	 101.952	 941.877	 104.876	 0.970	 101.832	 -176.835
  29	 3440	 104.475	 955.694	 101.703	 1.083	 105.070	 -177.017
   5	  931	 102.053	 991.955	 106.759	 0.978	 108.583	 -177.146
  46	 3332	 102.669	 959.261	 106.310	 0.980	 103.353	 -177.170
  46	 3717	 104.702	 956.889	 101.969	 0.937	 104.368	 -177.206
   5	  793	 106.035	 991.698	 101.382	 1.090	 110.014	 -177.206
  46	 3269	 103.206	 953.869	 107.688	 0.978	 100.778	 -177.245
  30	 2594	 105.248	 941.121	 101.956	 0.907	 100.625	 -177.318
   1	 1716	 103.902	 999.863	 100.114	 0.795	 101.896	 -177.327
  44	 1577	 106.168	 962.981	 100.729	 0.886	 103.427	 -177.438
   5	 3495	 101.203	 933.700	 103.709	 1.261	 100.074	 -177.832
  29	 1565	 104.083	 964.915	 107.527	 0.933	 101.883	 -177.835
  20	 3094	 101.260	 988.779	 101.113	 0.986	 117.865	 -177.940
   4	 2187	 101.366	 999.650	 103.486	 1.041	 117.323	 -177.947
  44	  643	 102.656	 928.304	 105.807	 0.975	 101.170	 -177.947
  46	 3519	 103.500	 937.400	 102.334	 1.139	 103.835	 -178.020
  31	 3609	 108.622	 962.045	 101.998	 0.948	 103.740	 -178.082
  26	  776	 100.960	 990.456	 118.310	 1.031	 101.822	 -178.098
  20	 2075	 105.818	 944.336	 100.369	 1.097	 105.700	 -178.149
   4	 3227	 100.845	 966.189	 109.200	 1.004	 107.681	 -178.533
  26	  988	 100.904	 965.653	 115.457	 1.015	 102.427	 -178.801
  36	  855	 105.727	 917.460	 102.565	 0.952	 102.738	 -179.287
  42	 3860	 108.765	 974.029	 100.397	 1.102	 111.191	 -179.642
  26	  589	 101.053	 952.100	 119.029	 1.086	 101.444	 -180.556
  44	  490	 102.430	 905.455	 109.906	 0.995	 101.352	 -180.723
  20	 3888	 108.205	 992.942	 108.867	 0.843	 102.314	 -180.737
  44	  485	 102.392	 905.814	 109.943	 0.924	 101.120	 -181.091
  29	 1583	 102.242	 932.390	 114.109	 1.101	 102.724	 -181.320
  31	  686	 102.322	 982.261	 109.847	 1.278	 109.278	 -181.596
   8	 2644	 114.018	 986.999	 100.187	 0.786	 105.921	 -182.568
   4	  489	 100.971	 961.376	 121.568	 0.907	 103.462	 -182.674
  30	  470	 100.585	 978.657	 116.171	 1.307	 107.519	 -183.022
   6	  474	 100.847	 848.846	 102.704	 1.120	 105.271	 -183.811
  29	  522	 100.376	 841.450	 106.283	 0.809	 100.481	 -184.596
  30	  419	 107.630	 912.954	 115.873	 1.186	 113.387	 -191.673
  18	  420	 104.938	 921.137	 124.186	 1.138	 117.533	 -193.417
  47	  826	 108.723	 946.210	 103.534	 1.599	 119.352	 -199.144
  13	  388	 142.268	 995.842	 110.257	 1.289	 108.610	 -201.392
  13	  364	 139.236	 955.241	 107.731	 1.213	 116.247	 -202.599
  41	  345	 111.438	 588.087	 119.365	 0.908	 105.947	 -214.673
  16	  337	 116.843	 858.065	 100.373	 0.845	 221.189	 -216.299
  39	  363	 109.795	 691.504	 136.422	 0.883	 129.752	 -219.910
  37	  299	 102.524	 492.293	 161.616	 0.764	 100.227	 -228.352
  30	  305	 120.009	 630.755	 132.807	 0.948	 130.532	 -231.774
  39	  352	 112.112	 631.558	 154.438	 0.846	 138.040	 -235.235
  36	  261	 130.416	 622.883	 112.865	 0.601	 179.114	 -237.837
  42	  312	 123.627	 627.526	 103.593	 0.598	 232.934	 -241.854
   4	  277	 137.880	 441.660	 106.073	 0.432	 182.177	 -256.828
   4	  241	 137.557	 427.206	 105.221	 0.405	 186.128	 -259.782
  36	  231	 102.887	 520.435	 116.861	 0.490	 272.213	 -262.790
   6	  174	 154.368	 426.745	 125.614	 0.469	 182.074	 -270.843
  48	  206	 151.920	 456.614	 116.750	 0.476	 353.855	 -291.120
  37	  209	 148.986	 314.521	 163.210	 0.561	 150.105	 -295.306
  41	  152	 156.479	 365.814	 170.686	 0.292	 193.060	 -307.767
  18	  165	 143.501	 314.321	 116.106	 0.357	 404.854	 -314.862
  44	   28	 222.168	 386.452	 148.368	 0.262	 233.936	 -322.236
  20	   82	 170.256	 239.295	 199.439	 0.676	 118.092	 -331.488
  29	  143	 190.222	 378.711	 213.835	 0.370	 237.430	 -337.735
   5	  118	 236.137	 239.176	 224.722	 0.379	 306.262	 -403.730
  13	   96	 189.449	 119.024	 201.240	 6.910	 377.637	 -1053.046
  21	 3904	 180.978	 55.126	 82.755	 -5.749	 593.917	 -inf
  28	 3297	 152.463	 147.761	 47.811	 129.453	 312.684	 -inf
  28	 1255	 152.463	 147.761	 47.811	 129.453	 312.684	 -inf
  17	 1254	 5.741	 -150.644	 -61.416	 8.836	 627.853	 -inf
  22	 2923	 5.668	 135.249	 126.356	 122.781	 551.507	 -inf
   9	   71	 278.477	 4.457	 208.591	 256.578	 352.884	 -inf
  19	 3249	 182.582	 146.116	 32.402	 151.013	 592.002	 -inf
  10	 3184	 116.983	 11.942	 122.090	 212.285	 501.335	 -inf
  14	  416	 228.268	 17.390	 212.108	 145.612	 429.416	 -inf
  14	  416	 228.268	 17.390	 212.108	 145.612	 429.416	 -inf
  45	 2742	 59.767	 145.112	 80.508	 101.541	 388.513	 -inf
  33	 1105	 311.584	 131.027	 -59.425	 27.123	 661.336	 -inf
   3	 2825	 226.247	 127.650	 76.673	 133.600	 654.336	 -inf
  23	 2474	 -78.253	 158.465	 182.427	 52.186	 453.133	 -inf
   0	 2189	 -79.308	 293.753	 186.633	 -54.459	 705.117	 -inf
  43	 3316	 376.534	 187.097	 99.154	 127.742	 488.123	 -inf
  49	  628	 -23.709	 -10.771	 148.228	 -121.939	 505.712	 -inf
  22	  694	 5.668	 135.249	 126.356	 122.781	 551.507	 -inf
  32	  566	 376.025	 93.935	 -91.350	 -127.757	 422.214	 -inf
  38	 1878	 83.983	 235.011	 116.872	 88.654	 414.854	 -inf
   2	  147	 279.503	 62.556	 163.405	 170.205	 528.475	 -inf
  49	 3690	 -23.709	 -10.771	 148.228	 -121.939	 505.712	 -inf
  15	  940	 319.269	 76.206	 265.529	 93.817	 612.233	 -inf
  27	  252	 182.454	 6.609	 96.698	 -92.656	 676.796	 -inf
  49	 3169	 -23.709	 -10.771	 148.228	 -121.939	 505.712	 -inf
  23	 3529	 -78.253	 158.465	 182.427	 52.186	 453.133	 -inf
   2	 1552	 279.503	 62.556	 163.405	 170.205	 528.475	 -inf
  33	  916	 311.584	 131.027	 -59.425	 27.123	 661.336	 -inf
  32	 2091	 376.025	 93.935	 -91.350	 -127.757	 422.214	 -inf
  19	  568	 182.582	 146.116	 32.402	 151.013	 592.002	 -inf
  24	 3641	 285.328	 58.697	 333.472	 106.438	 713.783	 -inf
  48	   49	 158.515	 145.195	 -7.916	 -32.863	 552.888	 -inf
  24	 3782	 285.328	 58.697	 333.472	 106.438	 713.783	 -inf
  28	    3	 152.463	 147.761	 47.811	 129.453	 312.684	 -inf
  32	 3503	 376.025	 93.935	 -91.350	 -127.757	 422.214	 -inf
  14	 2072	 228.268	 17.390	 212.108	 145.612	 429.416	 -inf
  23	 3496	 -78.253	 158.465	 182.427	 52.186	 453.133	 -inf
  15	 1756	 319.269	 76.206	 265.529	 93.817	 612.233	 -inf
  32	  896	 376.025	 93.935	 -91.350	 -127.757	 422.214	 -inf
   0	 3606	 -79.308	 293.753	 186.633	 -54.459	 705.117	 -inf
  32	 3087	 376.025	 93.935	 -91.350	 -127.757	 422.214	 -inf
   9	 1183	 278.477	 4.457	 208.591	 256.578	 352.884	 -inf
  24	 3335	 285.328	 58.697	 333.472	 106.438	 713.783	 -inf
  45	 2112	 59.767	 145.112	 80.508	 101.541	 388.513	 -inf
  43	 3582	 376.534	 187.097	 99.154	 127.742	 488.123	 -inf
  23	  740	 -78.253	 158.465	 182.427	 52.186	 453.133	 -inf
  47	  317	 370.459	 204.009	 58.156	 39.466	 563.020	 -inf
  25	 3068	 121.447	 -75.593	 221.479	 135.270	 503.536	 -inf
  34	 3516	 162.520	 25.003	 355.462	 55.341	 452.084	 -inf
  12	 3668	 338.878	 33.866	 453.086	 132.458	 565.458	 -inf
  43	 2829	 376.534	 187.097	 99.154	 127.742	 488.123	 -inf
  34	 2823	 162.520	 25.003	 355.462	 55.341	 452.084	 -inf
  45	  172	 59.767	 145.112	 80.508	 101.541	 388.513	 -inf
  27	 1259	 182.454	 6.609	 96.698	 -92.656	 676.796	 -inf
  12	 2057	 338.878	 33.866	 453.086	 132.458	 565.458	 -inf
   7	  114	 217.719	 -11.647	 158.093	 31.342	 494.318	 -inf
  35	 3385	 235.017	 101.716	 107.086	 170.846	 611.570	 -inf
   0	 2178	 -79.308	 293.753	 186.633	 -54.459	 705.117	 -inf
  25	 1064	 121.447	 -75.593	 221.479	 135.270	 503.536	 -inf
  12	 1304	 338.878	 33.866	 453.086	 132.458	 565.458	 -inf
  27	  960	 182.454	 6.609	 96.698	 -92.656	 676.796	 -inf
  32	 2708	 376.025	 93.935	 -91.350	 -127.757	 422.214	 -inf
  22	 3850	 5.668	 135.249	 126.356	 122.781	 551.507	 -inf
  28	 3577	 152.463	 147.761	 47.811	 129.453	 312.684	 -inf
  35	 2346	 235.017	 101.716	 107.086	 170.846	 611.570	 -inf
  49	  877	 -23.709	 -10.771	 148.228	 -121.939	 505.712	 -inf
  19	 2788	 182.582	 146.116	 32.402	 151.013	 592.002	 -inf
  17	 1421	 5.741	 -150.644	 -61.416	 8.836	 627.853	 -inf
  10	 2759	 116.983	 11.942	 122.090	 212.285	 501.335	 -inf
  35	  836	 235.017	 101.716	 107.086	 170.846	 611.570	 -inf
  22	 1630	 5.668	 135.249	 126.356	 122.781	 551.507	 -inf
  19	 2356	 182.582	 146.116	 32.402	 151.013	 592.002	 -inf
  49	 1675	 -23.709	 -10.771	 148.228	 -121.939	 505.712	 -inf
  17	 3757	 5.741	 -150.644	 -61.416	 8.836	 627.853	 -inf
   0	 1046	 -79.308	 293.753	 186.633	 -54.459	 705.117	 -inf
  22	  327	 5.668	 135.249	 126.356	 122.781	 551.507	 -inf
  17	 1595	 5.741	 -150.644	 -61.416	 8.836	 627.853	 -inf
  15	 3052	 319.269	 76.206	 265.529	 93.817	 612.233	 -inf
  40	  308	 267.440	 27.761	 259.900	 -40.163	 417.753	 -inf
  28	 2680	 152.463	 147.761	 47.811	 129.453	 312.684	 -inf
   3	 1681	 226.247	 127.650	 76.673	 133.600	 654.336	 -inf
  11	 3690	 130.531	 162.180	 90.020	 162.341	 530.527	 -inf
   0	  243	 -79.308	 293.753	 186.633	 -54.459	 705.117	 -inf
  22	 1881	 5.668	 135.249	 126.356	 122.781	 551.507	 -inf
  19	  527	 182.582	 146.116	 32.402	 151.013	 592.002	 -inf
  43	 3882	 376.534	 187.097	 99.154	 127.742	 488.123	 -inf
   2	 2835	 279.503	 62.556	 163.405	 170.205	 528.475	 -inf
  25	 1732	 121.447	 -75.593	 221.479	 135.270	 503.536	 -inf
  28	  393	 152.463	 147.761	 47.811	 129.453	 312.684	 -inf
  33	  813	 311.584	 131.027	 -59.425	 27.123	 661.336	 -inf
  15	 3654	 319.269	 76.206	 265.529	 93.817	 612.233	 -inf
  33	 1051	 311.584	 131.027	 -59.425	 27.123	 661.336	 -inf
  12	   15	 338.878	 33.866	 453.086	 132.458	 565.458	 -inf
  38	 1812	 83.983	 235.011	 116.872	 88.654	 414.854	 -inf
  14	 2147	 228.268	 17.390	 212.108	 145.612	 429.416	 -inf
   3	 1058	 226.247	 127.650	 76.673	 133.600	 654.336	 -inf
  43	 2173	 376.534	 187.097	 99.154	 127.742	 488.123	 -inf
  43	 3268	 376.534	 187.097	 99.154	 127.742	 488.123	 -inf
  21	 2864	 180.978	 55.126	 82.755	 -5.749	 593.917	 -inf
  23	 1476	 -78.253	 158.465	 182.427	 52.186	 453.133	 -inf
  40	  936	 267.440	 27.761	 259.900	 -40.163	 417.753	 -inf
  34	  210	 162.520	 25.003	 355.462	 55.341	 452.084	 -inf
  17	 1857	 5.741	 -150.644	 -61.416	 8.836	 627.853	 -inf
  34	 2150	 162.520	 25.003	 355.462	 55.341	 452.084	 -inf
  17	   83	 5.741	 -150.644	 -61.416	 8.836	 627.853	 -inf
  33	 1631	 311.584	 131.027	 -59.425	 27.123	 661.336	 -inf
  14	 3906	 228.268	 17.390	 212.108	 145.612	 429.416	 -inf
  24	 1378	 285.328	 58.697	 333.472	 106.438	 713.783	 -inf
  34	 2133	 162.520	 25.003	 355.462	 55.341	 452.084	 -inf
  11	  927	 130.531	 162.180	 90.020	 162.341	 530.527	 -inf
  24	  744	 285.328	 58.697	 333.472	 106.438	 713.783	 -inf
  38	  810	 83.983	 235.011	 116.872	 88.654	 414.854	 -inf
  24	 1395	 285.328	 58.697	 333.472	 106.438	 713.783	 -inf
  34	   18	 162.520	 25.003	 355.462	 55.341	 452.084	 -inf
  28	 1396	 152.463	 147.761	 47.811	 129.453	 312.684	 -inf
  21	  198	 180.978	 55.126	 82.755	 -5.749	 593.917	 -inf
   9	 1403	 278.477	 4.457	 208.591	 256.578	 352.884	 -inf
  45	 2315	 59.767	 145.112	 80.508	 101.541	 388.513	 -inf
  15	 2465	 319.269	 76.206	 265.529	 93.817	 612.233	 -inf
  10	 3346	 116.983	 11.942	 122.090	 212.285	 501.335	 -inf
  33	 3136	 311.584	 131.027	 -59.425	 27.123	 661.336	 -inf
  38	 3718	 83.983	 235.011	 116.872	 88.654	 414.854	 -inf
  22	 2764	 5.668	 135.249	 126.356	 122.781	 551.507	 -inf
  38	 2919	 83.983	 235.011	 116.872	 88.654	 414.854	 -inf
  14	 1071	 228.268	 17.390	 212.108	 145.612	 429.416	 -inf
  40	  600	 267.440	 27.761	 259.900	 -40.163	 417.753	 -inf
   0	 1200	 -79.308	 293.753	 186.633	 -54.459	 705.117	 -inf
  33	 1574	 311.584	 131.027	 -59.425	 27.123	 661.336	 -inf
  32	 2327	 376.025	 93.935	 -91.350	 -127.757	 422.214	 -inf
  12	  534	 338.878	 33.866	 453.086	 132.458	 565.458	 -inf
  10	  570	 116.983	 11.942	 122.090	 212.285	 501.335	 -inf
  23	  636	 -78.253	 158.465	 182.427	 52.186	 453.133	 -inf
  46	  569	 123.269	 167.457	 296.089	 109.247	 619.783	 -inf
  34	 2591	 162.520	 25.003	 355.462	 55.341	 452.084	 -inf
  25	  870	 121.447	 -75.593	 221.479	 135.270	 503.536	 -inf
  33	 2798	 311.584	 131.027	 -59.425	 27.123	 661.336	 -inf
  35	 3267	 235.017	 101.716	 107.086	 170.846	 611.570	 -inf
  32	 3445	 376.025	 93.935	 -91.350	 -127.757	 422.214	 -inf
  10	 1377	 116.983	 11.942	 122.090	 212.285	 501.335	 -inf
  19	 2346	 182.582	 146.116	 32.402	 151.013	 592.002	 -inf
   3	 2313	 226.247	 127.650	 76.673	 133.600	 654.336	 -inf
  40	  715	 267.440	 27.761	 259.900	 -40.163	 417.753	 -inf
  15	   37	 319.269	 76.206	 265.529	 93.817	 612.233	 -inf
  49	  650	 -23.709	 -10.771	 148.228	 -121.939	 505.712	 -inf
  22	 3734	 5.668	 135.249	 126.356	 122.781	 551.507	 -inf
  34	 3258	 162.520	 25.003	 355.462	 55.341	 452.084	 -inf
  12	 1034	 338.878	 33.866	 453.086	 132.458	 565.458	 -inf
   9	 1521	 278.477	 4.457	 208.591	 256.578	 352.884	 -inf
  34	 2952	 162.520	 25.003	 355.462	 55.341	 452.084	 -inf
   9	 2704	 278.477	 4.457	 208.591	 256.578	 352.884	 -inf
   3	 3123	 226.247	 127.650	 76.673	 133.600	 654.336	 -inf
  34	  588	 162.520	 25.003	 355.462	 55.341	 452.084	 -inf
  17	 1592	 5.741	 -150.644	 -61.416	 8.836	 627.853	 -inf
   0	 2994	 -79.308	 293.753	 186.633	 -54.459	 705.117	 -inf
  25	 1188	 121.447	 -75.593	 221.479	 135.270	 503.536	 -inf
  10	 2627	 116.983	 11.942	 122.090	 212.285	 501.335	 -inf
  23	 2970	 -78.253	 158.465	 182.427	 52.186	 453.133	 -inf
  23	 1324	 -78.253	 158.465	 182.427	 52.186	 453.133	 -inf
   0	  379	 -79.308	 293.753	 186.633	 -54.459	 705.117	 -inf
  11	  409	 130.531	 162.180	 90.020	 162.341	 530.527	 -inf
  17	  128	 5.741	 -150.644	 -61.416	 8.836	 627.853	 -inf
  35	 2310	 235.017	 101.716	 107.086	 170.846	 611.570	 -inf
   9	 3040	 278.477	 4.457	 208.591	 256.578	 352.884	 -inf
  21	 3137	 180.978	 55.126	 82.755	 -5.749	 593.917	 -inf
  23	 1669	 -78.253	 158.465	 182.427	 52.186	 453.133	 -inf
  22	 3750	 5.668	 135.249	 126.356	 122.781	 551.507	 -inf
  10	 2482	 116.983	 11.942	 122.090	 212.285	 501.335	 -inf
  33	 3902	 311.584	 131.027	 -59.425	 27.123	 661.336	 -inf
  12	 1966	 338.878	 33.866	 453.086	 132.458	 565.458	 -inf
   0	 2791	 -79.308	 293.753	 186.633	 -54.459	 705.117	 -inf
  40	 1237	 267.440	 27.761	 259.900	 -40.163	 417.753	 -inf
  35	 2055	 235.017	 101.716	 107.086	 170.846	 611.570	 -inf
  24	 3997	 285.328	 58.697	 333.472	 106.438	 713.783	 -inf
  38	 3643	 83.983	 235.011	 116.872	 88.654	 414.854	 -inf
  35	 2878	 235.017	 101.716	 107.086	 170.846	 611.570	 -inf
  32	 1192	 376.025	 93.935	 -91.350	 -127.757	 422.214	 -inf
  24	 1438	 285.328	 58.697	 333.472	 106.438	 713.783	 -inf
   3	 1719	 226.247	 127.650	 76.673	 133.600	 654.336	 -inf
  25	 3732	 121.447	 -75.593	 221.479	 135.270	 503.536	 -inf
  34	 2825	 162.520	 25.003	 355.462	 55.341	 452.084	 -inf
  40	 1178	 267.440	 27.761	 259.900	 -40.163	 417.753	 -inf
  14	 3416	 228.268	 17.390	 212.108	 145.612	 429.416	 -inf
  28	 3999	 152.463	 147.761	 47.811	 129.453	 312.684	 -inf
  45	 1276	 59.767	 145.112	 80.508	 101.541	 388.513	 -inf
  19	 2046	 182.582	 146.116	 32.402	 151.013	 592.002	 -inf
  12	  160	 338.878	 33.866	 453.086	 132.458	 565.458	 -inf
  40	  306	 267.440	 27.761	 259.900	 -40.163	 417.753	 -inf
  28	 3520	 152.463	 147.761	 47.811	 129.453	 312.684	 -inf
  47	   12	 370.459	 204.009	 58.156	 39.466	 563.020	 -inf
   9	 2099	 278.477	 4.457	 208.591	 256.578	 352.884	 -inf
  38	 2388	 83.983	 235.011	 116.872	 88.654	 414.854	 -inf
  28	 3356	 152.463	 147.761	 47.811	 129.453	 312.684	 -inf
  49	 2700	 -23.709	 -10.771	 148.228	 -121.939	 505.712	 -inf
  49	 2302	 -23.709	 -10.771	 148.228	 -121.939	 505.712	 -inf
  40	 1267	 267.440	 27.761	 259.900	 -40.163	 417.753	 -inf
  43	  423	 376.534	 187.097	 99.154	 127.742	 488.123	 -inf
  32	 2101	 376.025	 93.935	 -91.350	 -127.757	 422.214	 -inf
  43	 2524	 376.534	 187.097	 99.154	 127.742	 488.123	 -inf
  23	  900	 -78.253	 158.465	 182.427	 52.186	 453.133	 -inf
  17	   35	 5.741	 -150.644	 -61.416	 8.836	 627.853	 -inf
  40	 1847	 267.440	 27.761	 259.900	 -40.163	 417.753	 -inf
  45	   22	 59.767	 145.112	 80.508	 101.541	 388.513	 -inf
  23	  389	 -78.253	 158.465	 182.427	 52.186	 453.133	 -inf
  28	 2088	 152.463	 147.761	 47.811	 129.453	 312.684	 -inf
  40	 2953	 267.440	 27.761	 259.900	 -40.163	 417.753	 -inf
   2	  642	 279.503	 62.556	 163.405	 170.205	 528.475	 -inf
   3	 2535	 226.247	 127.650	 76.673	 133.600	 654.336	 -inf
  12	 3620	 338.878	 33.866	 453.086	 132.458	 565.458	 -inf
  28	 3557	 152.463	 147.761	 47.811	 129.453	 312.684	 -inf
  25	  571	 121.447	 -75.593	 221.479	 135.270	 503.536	 -inf
  45	 2961	 59.767	 145.112	 80.508	 101.541	 388.513	 -inf
  23	  529	 -78.253	 158.465	 182.427	 52.186	 453.133	 -inf
  17	 3118	 5.741	 -150.644	 -61.416	 8.836	 627.853	 -inf
  17	 2704	 5.741	 -150.644	 -61.416	 8.836	 627.853	 -inf
   9	 2122	 278.477	 4.457	 208.591	 256.578	 352.884	 -inf
   3	 3917	 226.247	 127.650	 76.673	 133.600	 654.336	 -inf
  33	 3581	 311.584	 131.027	 -59.425	 27.123	 661.336	 -inf
  28	  163	 152.463	 147.761	 47.811	 129.453	 312.684	 -inf
   3	 1237	 226.247	 127.650	 76.673	 133.600	 654.336	 -inf
  40	  289	 267.440	 27.761	 259.900	 -40.163	 417.753	 -inf
  35	 1954	 235.017	 101.716	 107.086	 170.846	 611.570	 -inf
  32	  595	 376.025	 93.935	 -91.350	 -127.757	 422.214	 -inf
  11	  755	 130.531	 162.180	 90.020	 162.341	 530.527	 -inf
  11	 1743	 130.531	 162.180	 90.020	 162.341	 530.527	 -inf
  19	  193	 182.582	 146.116	 32.402	 151.013	 592.002	 -inf
  21	 2521	 180.978	 55.126	 82.755	 -5.749	 593.917	 -inf
  33	 3492	 311.584	 131.027	 -59.425	 27.123	 661.336	 -inf
  23	 3639	 -78.253	 158.465	 182.427	 52.186	 453.133	 -inf
   0	 3605	 -79.308	 293.753	 186.633	 -54.459	 705.117	 -inf
  28	  814	 152.463	 147.761	 47.811	 129.453	 312.684	 -inf
  38	  707	 83.983	 235.011	 116.872	 88.654	 414.854	 -inf
  19	 1742	 182.582	 146.116	 32.402	 151.013	 592.002	 -inf
  19	 1209	 182.582	 146.116	 32.402	 151.013	 592.002	 -inf
  27	 2292	 182.454	 6.609	 96.698	 -92.656	 676.796	 -inf
  21	 3790	 180.978	 55.126	 82.755	 -5.749	 593.917	 -inf
   3	 2089	 226.247	 127.650	 76.673	 133.600	 654.336	 -inf
  38	 3798	 83.983	 235.011	 116.872	 88.654	 414.854	 -inf
  34	 2572	 162.520	 25.003	 355.462	 55.341	 452.084	 -inf
  25	 3127	 121.447	 -75.593	 221.479	 135.270	 503.536	 -inf
   9	 2348	 278.477	 4.457	 208.591	 256.578	 352.884	 -inf
  43	 1659	 376.534	 187.097	 99.154	 127.742	 488.123	 -inf
  12	 1776	 338.878	 33.866	 453.086	 132.458	 565.458	 -inf
  35	 2589	 235.017	 101.716	 107.086	 170.846	 611.570	 -inf
  14	 2181	 228.268	 17.390	 212.108	 145.612	 429.416	 -inf
  21	   91	 180.978	 55.126	 82.755	 -5.749	 593.917	 -inf
  12	 3984	 338.878	 33.866	 453.086	 132.458	 565.458	 -inf
  22	 3223	 5.668	 135.249	 126.356	 122.781	 551.507	 -inf
  28	  422	 152.463	 147.761	 47.811	 129.453	 312.684	 -inf
  43	 2496	 376.534	 187.097	 99.154	 127.742	 488.123	 -inf
  23	 2914	 -78.253	 158.465	 182.427	 52.186	 453.133	 -inf
  35	 3064	 235.017	 101.716	 107.086	 170.846	 611.570	 -inf
  15	 1086	 319.269	 76.206	 265.529	 93.817	 612.233	 -inf
  14	  128	 228.268	 17.390	 212.108	 145.612	 429.416	 -inf
   0	 3572	 -79.308	 293.753	 186.633	 -54.459	 705.117	 -inf
  28	 3879	 152.463	 147.761	 47.811	 129.453	 312.684	 -inf
  21	 3708	 180.978	 55.126	 82.755	 -5.749	 593.917	 -inf
  19	  457	 182.582	 146.116	 32.402	 151.013	 592.002	 -inf
  49	 2135	 -23.709	 -10.771	 148.228	 -121.939	 505.712	 -inf
  32	  717	 376.025	 93.935	 -91.350	 -127.757	 422.214	 -inf
  22	 3462	 5.668	 135.249	 126.356	 122.781	 551.507	 -inf
   9	 2553	 278.477	 4.457	 208.591	 256.578	 352.884	 -inf
  19	 2896	 182.582	 146.116	 32.402	 151.013	 592.002	 -inf
   0	  690	 -79.308	 293.753	 186.633	 -54.459	 705.117	 -inf
  34	 1150	 162.520	 25.003	 355.462	 55.341	 452.084	 -inf
  14	 1961	 228.268	 17.390	 212.108	 145.612	 429.416	 -inf
  14	 3574	 228.268	 17.390	 212.108	 145.612	 429.416	 -inf
  32	   37	 376.025	 93.935	 -91.350	 -127.757	 422.214	 -inf
