69984    71526
69980    71582
69965    71577
69955    71581
69940    71586
69925    71586
69900    71601
69890    71611
69865    71626
69840    71636
69830    71641
69810    71646
69790    71656
69739    71666
69729    71671
69709    71676
69674    71686
69649    71696
69639    71701
69619    71701
69599    71701
69584    71696
69559    71695
69544    71690
69519    71690
69499    71690
69484    71685
69454    71680
69439    71675
69424    71670
69409    71670
69399    71665
69389    71660
69359    71640
69349    71630
69339    71620
69304    71580
69294    71565
69289    71550
69289    71535
69284    71525
69284    71510
69289    71490
69294    71475
69304    71460
69324    71435
69334    71430
69339    71405
69339    71385
69329    71365
69309    71355
69294    71345
69279    71335
69274    71315
69269    71305
69264    71285
69234    71255
69224    71245
69199    71225
69174    71215
69169    71205
69144    71195
69129    71180
69114    71170
69104    71175
69098    71180
69078    71189
69053    71214
69033    71224
69018    71234
69003    71239
68978    71249
68973    71259
68958    71269
68943    71279
68923    71294
68898    71304
68878    71319
68873    71334
68868    71349
68863    71364
68863    71379
68868    71409
68868    71429
68863    71444
68868    71474
68873    71494
68878    71504
68883    71519
68888    71529
68893    71544
68893    71559
68898    71569
68898    71584
68893    71614
68893    71629
68883    71659
68883    71674
68878    71699
68873    71724
68863    71754
68863    71769
68858    71809
68843    71839
68822    71854
68817    71864
68812    71874
68792    71899
68787    71914
68792    71934
68787    71948
68792    71958
68797    71969
68802    71984
68807    72004
68812    72029
68817    72039
68827    72059
68832    72074
68837    72089
68847    72099
68852    72119
68857    72129
68867    72149
68872    72159
68902    72189
68917    72199
68937    72214
68942    72224
68958    72239
68973    72254
68983    72269
68988    72279
69003    72309
69023    72344
69023    72364
69033    72384
69038    72414
69038    72429
69038    72449
69033    72464
69032    72474
69022    72499
69017    72519
69007    72539
69002    72549
68997    72559
68992    72579
68982    72594
68972    72604
68962    72614
68957    72624
68947    72634
68932    72629
68922    72634
68902    72644
68887    72659
68867    72668
68852    72678
68832    72683
68822    72688
68807    72693
68792    72698
68777    72703
68757    72708
68742    72713
68727    72723
68712    72723
68692    72728
68677    72728
68662    72728
68652    72723
68642    72718
68632    72708
68616    72698
68606    72688
68596    72678
68586    72673
68566    72668
68551    72663
68541    72658
68526    72653
68501    72653
68486    72653
68476    72657
68461    72662
68436    72667
68416    72672
68396    72677
68371    72682
68356    72692
68336    72697
68316    72702
68276    72712
68241    72722
68231    72727
68216    72727
68201    72732
68176    72737
68151    72747
68135    72752
68100    72757
68080    72761
68050    72761
68040    72766
68025    72766
68000    72761
67970    72766
67950    72766
67935    72766
67880    72766
67840    72776
67820    72776
67795    72776
67780    72776
67775    72786
67735    72781
67644    72790
67614    72790
67594    72785
67584    72790
67569    72790
67504    72790
67494    72805
67484    72820
67479    72850
67484    72865
67479    72880
67479    72900
67479    72915
67474    72930
67464    72945
67444    72980
67439    73000
67419    73035
67419    73050
67409    73060
67399    73085
67394    73100
67384    73120
67374    73150
67369    73165
67364    73190
67349    73220
67349    73245
67344    73264
67338    73269
67308    73304
67293    73324
67283    73344
67278    73354
67273    73369
67253    73409
67238    73414
67198    73449
67173    73469
67158    73479
67133    73504
67118    73519
67103    73524
67073    73544
67053    73559
67043    73569
67033    73584
67023    73594
67018    73604
67018    73624
67043    73639
67053    73644
67063    73649
67078    73654
67093    73664
67103    73674
67113    73684
67123    73699
67133    73719
67138    73734
67153    73754
67158    73774
67163    73784
67163    73799
67168    73809
67183    73824
67188    73839
67198    73849
67208    73859
67223    73874
67238    73879
67263    73874
67288    73874
67303    73879
67313    73884
67333    73894
67343    73909
67363    73934
67373    73944
67383    73954
67398    73974
67413    73989
67428    74009
67448    74025
67458    74035
67473    74055
67493    74075
67513    74095
67528    74115
67553    74150
67568    74165
67578    74180
67603    74200
67613    74215
67633    74235
67658    74255
67674    74275
67684    74295
67704    74340
67714    74360
67719    74380
67729    74395
67734    74405
67744    74415
67754    74435
67764    74450
67764    74470
67769    74500
67779    74530
67784    74550
67789    74570
67799    74595
67804    74620
67814    74645
67824    74680
67834    74710
67839    74725
67849    74745
67859    74755
67864    74770
67869    74780
67879    74795
67889    74805
67894    74825
67899    74835
67904    74845
67909    74855
67914    74865
67924    74885
67939    74900
67949    74910
67954    74920
67969    74921
67979    74926
67989    74936
68004    74936
68009    74946
68019    74956
68029    74966
68039    74976
68044    74986
68039    74996
68039    75011
68044    75026
68044    75051
68044    75066
68039    75081
68034    75106
68029    75116
68019    75136
68014    75166
68004    75171
68004    75190
67994    75205
67968    75250
67958    75260
67948    75265
67938    75270
67913    75295
67878    75345
67868    75355
67853    75380
67828    75415
67813    75425
67793    75445
67763    75480
67738    75510
67723    75535
67703    75565
67673    75600
67653    75624
67643    75629
67628    75644
67602    75659
67592    75669
67562    75684
67532    75709
67522    75714
67512    75719
67492    75739
67477    75754
67447    75784
67427    75794
67412    75804
67377    75824
67362    75829
67322    75854
67297    75864
67272    75873
67227    75888
67186    75898
67156    75898
67151    75888
67146    75878
67131    75848
67126    75838
67111    75808
67101    75793
67091    75778
67086    75768
67071    75748
67061    75728
67041    75708
67031    75698
67016    75683
66996    75668
66981    75653
66961    75628
66951    75613
66931    75593
66916    75583
66901    75573
66886    75568
66851    75553
66831    75542
66806    75527
66776    75517
66756    75512
66726    75507
66701    75507
66671    75507
66646    75512
66626    75512
66600    75517
66575    75522
66545    75527
66510    75532
66490    75542
66465    75547
66435    75552
66410    75551
66400    75556
66385    75561
66360    75566
66340    75571
66320    75571
66285    75576
66260    75586
66200    75596
66149    75601
66134    75596
66124    75591
66114    75581
66079    75561
66064    75551
66054    75546
66039    75536
66019    75515
65999    75495
65989    75485
65979    75470
65969    75460
65954    75450
65939    75425
65919    75390
65909    75375
65904    75345
65899    75335
65894    75315
65884    75280
65869    75265
65864    75245
65854    75230
65849    75220
65834    75185
65824    75170
65814    75150
65804    75130
65794    75105
65774    75085
65759    75065
65739    75040
65724    75015
65714    75010
65704    75005
65694    75000
65669    74990
65639    74995
65594    75005
65534    75019
65524    75029
65499    75034
65483    75039
65468    75044
65443    75049
65413    75054
65398    75059
65368    75069
65348    75074
65313    75079
65303    75084
65283    75089
65263    75094
65248    75094
65238    75084
65213    75069
65198    75059
65188    75049
65168    75029
65148    75018
65138    75013
65098    74998
65078    74988
65048    74973
65028    74968
65018    74963
65003    74958
64993    74953
64978    74948
64962    74938
64942    74923
64932    74913
64917    74903
64907    74888
64897    74878
64877    74858
64862    74838
64847    74808
64837    74788
64822    74748
64812    74723
64807    74698
64802    74683
64792    74658
64782    74613
64772    74593
64757    74528
64747    74493
64742    74483
64747    74468
64747    74453
64757    74433
64787    74398
64798    74383
64798    74368
64788    74353
64783    74343
64757    74323
64732    74308
64727    74293
64697    74263
64697    74238
64697    74223
64687    74203
64672    74188
64662    74178
64642    74158
64632    74147
64612    74132
64607    74122
64607    74107
64612    74097
64602    74072
64577    74032
64552    74017
64537    74007
64527    74002
64502    73982
64497    73972
64512    73932
64522    73917
64527    73897
64532    73887
64532    73867
64532    73837
64522    73812
64502    73767
64492    73752
64467    73727
64457    73717
64442    73692
64417    73657
64407    73647
64377    73622
64367    73617
64352    73607
64292    73592
64267    73592
64222    73602
64207    73602
64197    73607
64177    73607
64142    73601
64137    73591
64127    73581
64112    73571
64097    73571
64082    73566
64057    73571
64031    73576
64006    73571
63961    73546
63951    73541
63936    73526
63901    73501
63876    73481
63861    73476
63831    73476
63786    73481
63776    73486
63761    73501
63736    73525
63726    73545
63701    73580
63691    73600
63681    73620
63661    73645
63656    73655
63636    73685
63606    73705
63585    73720
63560    73740
63550    73750
63540    73755
63510    73765
63435    73775
63410    73775
63380    73775
63335    73769
63310    73769
63270    73759
63235    73754
63210    73754
63190    73749
63145    73749
63114    73744
63094    73744
63079    73744
63039    73739
63009    73739
62984    73744
62969    73749
62949    73763
62929    73773
62919    73788
62889    73808
62854    73828
62819    73848
62809    73853
62789    73858
62769    73868
62759    73873
62699    73898
62658    73913
62643    73923
62583    73952
62533    73982
62528    73992
62513    73992
62498    74002
62473    74017
62448    74037
62438    74042
62423    74057
62378    74097
62363    74107
62353    74117
62338    74132
62333    74152
62328    74177
62323    74207
62302    74242
62252    74287
62252    74302
62237    74322
62207    74361
62207    74376
62202    74421
62207    74436
62212    74471
62217    74496
62227    74521
62257    74561
62272    74582
62277    74612
62292    74647
62297    74662
62307    74692
62312    74707
62322    74727
62332    74742
62347    74762
62362    74787
62367    74802
62372    74832
62382    74867
62387    74882
62392    74917
62397    74947
62397    74972
62407    74997
62407    75017
62417    75042
62417    75072
62422    75102
62432    75137
62437    75172
62447    75202
62452    75237
62462    75267
62467    75292
62482    75327
62492    75352
62497    75362
62507    75377
62517    75392
62537    75422
62542    75437
62557    75457
62572    75472
62597    75492
62622    75507
62657    75522
62702    75547
62727    75557
62763    75567
62798    75577
62813    75588
62848    75608
62873    75623
62888    75643
62898    75653
62913    75668
62938    75688
62953    75703
62973    75723
62993    75738
63013    75748
63058    75763
63093    75778
63118    75788
63163    75813
63233    75838
63253    75844
63278    75864
63293    75869
63308    75889
63313    75899
63318    75914
63323    75924
63323    75939
63323    75959
63318    75979
63318    76009
63318    76024
63323    76039
63328    76049
63384    76034
63419    76014
63449    76014
63509    76034
63529    76049
63549    76069
63569    76094
63584    76114
63604    76139
63614    76154
63634    76184
63654    76204
63669    76234
63699    76260
63709    76270
63724    76295
63729    76305
63734    76320
63739    76350
63764    76400
63779    76425
63784    76435
63799    76455
63819    76480
63834    76500
63849    76520
63869    76540
63884    76555
63904    76590
63939    76630
63964    76670
63974    76680
63984    76700
63989    76715
63994    76730
64004    76755
64004    76775
64004    76795
64004    76815
63999    76835
63994    76860
63984    76915
63984    76940
63989    76955
64004    77000
64014    77030
64034    77065
64054    77090
64079    77130
64099    77150
64124    77190
64149    77220
64179    77245
64194    77255
64224    77270
64260    77271
64275    77271
64305    77286
64330    77296
64350    77301
64385    77311
64400    77321
64425    77326
64440    77336
64460    77351
64480    77366
64485    77376
64500    77401
64515    77431
64520    77451
64530    77486
64525    77496
64525    77521
64520    77551
64515    77566
64500    77611
64495    77621
64445    77716
64414    77771
64399    77801
64384    77831
64344    77906
64324    77936
64274    77990
64264    78005
64234    78030
64204    78070
64174    78090
64149    78105
64134    78115
64094    78145
64069    78175
64033    78205
64003    78230
63968    78265
63928    78299
63883    78339
63833    78374
63823    78389
63788    78424
63743    78479
63733    78489
63693    78529
63672    78544
63657    78559
63647    78569
63617    78594
63562    78628
63527    78643
63512    78643
63502    78648
63467    78658
63442    78668
63397    78683
63357    78698
63332    78703
63297    78713
63261    78723
63241    78728
63221    78728
63176    78727
63146    78722
63116    78722
63081    78712
63066    78702
63041    78692
63021    78682
62996    78667
62956    78647
62916    78622
62901    78617
62871    78617
62831    78622
62781    78631
62705    78656
62675    78671
62665    78681
62660    78691
62630    78696
62540    78706
62495    78716
62455    78731
62435    78741
62425    78746
62395    78760
62350    78775
62335    78775
62299    78785
62274    78785
62239    78770
62224    78765
62199    78750
62174    78735
62154    78715
62114    78690
62084    78670
62044    78655
62014    78635
61974    78614
61954    78599
61934    78584
61914    78574
61894    78559
61854    78529
61829    78514
61789    78489
61759    78474
61729    78459
61708    78444
61693    78429
61673    78399
61653    78374
61648    78364
61643    78349
61618    78324
61598    78299
61573    78289
61538    78279
61488    78273
61458    78273
61393    78293
61328    78308
61288    78323
61273    78323
61233    78328
61197    78338
61147    78338
61112    78342
61102    78337
61097    78327
61072    78302
61067    78292
61052    78272
61047    78257
61037    78247
61022    78222
61002    78197
60982    78172
60947    78132
60927    78127
60917    78117
60897    78107
60862    78087
60867    78062
60872    78047
60877    78022
60877    78007
60872    77982
60862    77962
60837    77927
60817    77902
60777    77872
60767    77857
60717    77812
60707    77802
60687    77777
60672    77767
60657    77756
60617    77741
60607    77736
60597    77726
60582    77716
60567    77706
60562    77686
60552    77646
60532    77596
60527    77576
60502    77536
60472    77496
60462    77481
60452    77466
60442    77446
60437    77421
60432    77396
60422    77366
60417    77356
60417    77341
60407    77276
60397    77236
60392    77196
60377    77151
60372    77136
60367    77121
60357    77096
60352    77076
60337    77016
60327    76971
60322    76961
60317    76921
60312    76896
60307    76886
60292    76846
60282    76821
60277    76806
60267    76761
60257    76736
60237    76671
60227    76656
60207    76601
60202    76586
60197    76571
60187    76556
60177    76546
60162    76516
60152    76501
60112    76476
60106    76471
60061    76470
60016    76475
59966    76485
59926    76490
59876    76490
59856    76495
59801    76485
59766    76490
59751    76495
59681    76504
59646    76514
59630    76524
59625    76539
59580    76564
59555    76604
59535    76644
59515    76679
59505    76689
59505    76709
59500    76729
59500    76744
59495    76774
59485    76819
59485    76834
59485    76864
59480    76884
59480    76904
59485    76929
59485    76949
59490    76969
59495    76994
59500    77019
59510    77039
59520    77074
59535    77099
59540    77109
59545    77119
59550    77139
59560    77159
59570    77199
59575    77219
59575    77244
59575    77274
59570    77309
59565    77324
59565    77349
59565    77369
59565    77384
59550    77429
59545    77454
59535    77479
59520    77534
59510    77569
59505    77584
59504    77614
59494    77664
59494    77684
59494    77714
59504    77744
59509    77759
59514    77779
59524    77789
59544    77809
59559    77829
59590    77849
59625    77869
59650    77879
59680    77889
59700    77899
59715    77909
59725    77919
59745    77929
59755    77939
59775    77959
59780    77984
59780    78004
59765    78054
59745    78109
59725    78144
59705    78179
59700    78189
59654    78244
59634    78264
59619    78274
59609    78279
59554    78299
59499    78328
59464    78343
59379    78378
59294    78403
59223    78423
59143    78458
59063    78492
59038    78502
59018    78507
58923    78532
58843    78552
58767    78577
58702    78580
58667    78582
58647    78583
58617    78584
58607    78585
58587    78586
58577    78587
58562    78586
58537    78586
58502    78591
58472    78591
58442    78591
58422    78591
58392    78591
58377    78591
58367    78596
58356    78596
58326    78610
58316    78615
58286    78620
58181    78625
58081    78635
57941    78649
57916    78649
57880    78639
57855    78644
57825    78634
57710    78614
57610    78604
57560    78599
57520    78588
57415    78558
57374    78553
57339    78528
57319    78513
57304    78493
57289    78478
57249    78453
57204    78443
57124    78428
56994    78417
56959    78412
56939    78397
56904    78377
56798    78342
56763    78332
56713    78297
56688    78281
56658    78256
56643    78246
56608    78221
56568    78201
56538    78176
56478    78131
56438    78111
56408    78091
56328    78056
56308    78051
56293    78046
56278    78036
56273    78026
56268    77996
56258    77971
56243    77955
56223    77940
56197    77930
56157    77915
56102    77900
56067    77890
56037    77880
55982    77865
55957    77855
55907    77840
55822    77815
55787    77799
55747    77774
55727    77759
55697    77734
55682    77719
55672    77704
55647    77679
55626    77664
55611    77644
55601    77634
55596    77614
55596    77599
55546    77509
55536    77499
55531    77489
55516    77479
55491    77454
55481    77449
55476    77434
55446    77404
55431    77364
55426    77349
55421    77339
55421    77324
55416    77294
55406    77254
55406    77229
55406    77194
55406    77159
55401    77104
55401    77084
55401    77059
55406    77029
55406    77009
55406    76994
55417    76954
55417    76934
55412    76914
55397    76894
55377    76869
55366    76849
55346    76829
55341    76799
55336    76774
55331    76749
55301    76714
55281    76689
55266    76678
55266    76649
55271    76629
55286    76604
55292    76599
55307    76574
55312    76559
55312    76539
55312    76519
55307    76509
55292    76499
55272    76499
55246    76499
55236    76488
55206    76458
55211    76428
55221    76413
55257    76399
55267    76394
55277    76369
55287    76354
55272    76334
55257    76334
55202    76323
55171    76328
55141    76328
55091    76323
55076    76323
55066    76318
55061    76303
55056    76283
55051    76243
55041    76213
55036    76198
55026    76168
55021    76158
54966    76108
54946    76098
54911    76098
54901    76108
54891    76138
54876    76163
54866    76178
54856    76203
54846    76218
54831    76233
54816    76243
54786    76237
54751    76247
54736    76262
54695    76287
54665    76302
54650    76317
54635    76332
54615    76352
54570    76397
54550    76432
54530    76457
54520    76462
54490    76472
54460    76482
54425    76491
54400    76506
54380    76516
54365    76521
54355    76516
54284    76511
54259    76501
54224    76496
54214    76491
54204    76486
54184    76471
54154    76456
54139    76441
54129    76436
54104    76426
54079    76431
54069    76441
54054    76446
54039    76456
54029    76461
54019    76465
54009    76475
53999    76480
53989    76485
53984    76510
53974    76500
53964    76495
53944    76485
53929    76485
53904    76480
53879    76480
53859    76475
53834    76465
53814    76460
53794    76460
53789    76470
53783    76480
53753    76490
53713    76495
53683    76475
53673    76470
53653    76455
53648    76440
53633    76415
53623    76390
53618    76375
53613    76355
53598    76339
53578    76319
53558    76314
53528    76309
53503    76304
53448    76319
53433    76324
53413    76344
53358    76389
53323    76409
53287    76439
53277    76449
53272    76464
53262    76479
53257    76494
53247    76509
53242    76529
53242    76544
53237    76559
53232    76573
53227    76593
53207    76603
53187    76603
53172    76603
53157    76613
53132    76628
53122    76648
53117    76663
53117    76693
53117    76713
53117    76743
53112    76758
53097    76768
53082    76773
53072    76783
53062    76793
53047    76803
53007    76843
53002    76858
52997    76883
52982    76918
52941    76993
52936    77008
52936    77033
52926    77063
52906    77083
52866    77102
52851    77112
52841    77107
52816    77097
52756    77092
52746    77087
52721    77077
52691    77062
52671    77052
52646    77042
52551    77022
52541    77017
52526    77012
52495    77002
52440    76971
52385    76961
52330    76946
52280    76931
52275    76921
52240    76896
52185    76861
52165    76846
52135    76826
52100    76806
52090    76801
52040    76775
52000    76765
51970    76750
51924    76735
51894    76730
51859    76730
51839    76730
51799    76725
51794    76715
51769    76695
51744    76695
51729    76705
51699    76725
51644    76750
51629    76754
51574    76774
51564    76784
51554    76789
51499    76799
51524    76754
51549    76719
51549    76704
51534    76679
51529    76664
51504    76624
51484    76614
51454    76594
51399    76559
51394    76549
51363    76514
51353    76494
51328    76459
51318    76454
51313    76439
51313    76424
51313    76409
51313    76384
51293    76344
51283    76329
51258    76274
51233    76244
51213    76219
51208    76199
51178    76144
51168    76124
51163    76099
51163    76079
51153    76029
51138    75969
51133    75944
51128    75884
51118    75839
51118    75824
51113    75779
51098    75704
51088    75668
51078    75618
51073    75598
51068    75578
51048    75518
51033    75488
51013    75438
51003    75413
50993    75368
50973    75333
50953    75283
50933    75238
50928    75228
50908    75178
50903    75163
50888    75133
50863    75073
50848    75018
50838    74968
50833    74943
50818    74873
50818    74853
50829    74818
50849    74753
50854    74733
50864    74688
50874    74663
50904    74613
50929    74548
50934    74528
50939    74498
50944    74469
50949    74439
50959    74399
50974    74339
50979    74319
50984    74294
50989    74279
50989    74259
50989    74234
50994    74214
50999    74204
51004    74194
51009    74184
51019    74164
51039    74149
51049    74144
51064    74134
51110    74119
51130    74104
51155    74089
51170    74089
51205    74069
51220    74059
51230    74054
51240    74039
51250    74024
51260    74004
51260    73989
51260    73969
51265    73949
51265    73934
51260    73904
51255    73869
51250    73849
51240    73834
51230    73819
51175    73759
51145    73744
51110    73734
51050    73734
50995    73729
50939    73719
50904    73704
50874    73679
50869    73669
50854    73649
50829    73619
50764    73578
50724    73553
50694    73543
50644    73518
50574    73473
50564    73468
50534    73448
50524    73443
50499    73418
50489    73413
50474    73403
50434    73383
50399    73373
50348    73347
50298    73342
50253    73332
50223    73322
50203    73317
50178    73307
50153    73292
50113    73267
50093    73262
50068    73252
50058    73237
50033    73217
50018    73202
50033    73192
50048    73182
50068    73172
50083    73162
50103    73147
50098    73127
50098    73107
50093    73092
50073    73062
50023    73002
50018    72982
50013    72972
50003    72932
49988    72907
49963    72852
49933    72792
49928    72772
49893    72706
49873    72661
49863    72636
49833    72581
49828    72556
49818    72531
49803    72506
49773    72456
49763    72436
49738    72396
49723    72381
49708    72366
49668    72341
49643    72316
49613    72286
49568    72241
49558    72236
49528    72216
49503    72211
49462    72181
49437    72171
49407    72145
49392    72150
49387    72160
49377    72165
49372    72175
49357    72180
49347    72190
49337    72210
49322    72225
49317    72240
49307    72245
49297    72250
49277    72250
49252    72255
49232    72250
49192    72240
49157    72240
49142    72230
49132    72225
49107    72220
49057    72205
49047    72190
49037    72175
49032    72160
49027    72145
49037    72130
49042    72110
49047    72100
49037    72075
49012    72030
49002    72025
48982    71994
48977    71984
48957    71934
48932    71904
48917    71884
48902    71839
48882    71794
48872    71769
48851    71739
48841    71719
48831    71704
48816    71664
48796    71624
48776    71599
48761    71574
48746    71554
48741    71569
48736    71559
48726    71539
48716    71504
48706    71489
48696    71464
48696    71449
48681    71399
48681    71379
48681    71364
48686    71334
48691    71324
48696    71304
48696    71274
48691    71264
48681    71244
48661    71204
48656    71189
48626    71129
48606    71104
48576    71064
48561    71049
48556    71064
48556    71034
48556    71009
48556    70994
48551    70964
48546    70924
48541    70904
48531    70839
48521    70799
48501    70754
48471    70699
48461    70689
48431    70644
48416    70634
48406    70628
48391    70608
48386    70598
48381    70573
48386    70563
48396    70518
48401    70504
48406    70479
48406    70434
48411    70369
48412    70344
48412    70304
48407    70259
48412    70204
48412    70179
48417    70134
48432    70094
48432    70034
48422    69989
48407    69949
48402    69914
48397    69884
48402    69859
48402    69844
48382    69814
48362    69804
48327    69784
48292    69763
48262    69748
48242    69738
48201    69728
48176    69723
48156    69713
48086    69683
48011    69633
47956    69598
47931    69588
47906    69578
47881    69568
47851    69552
47821    69532
47796    69507
47791    69497
47766    69477
47756    69472
47721    69432
47696    69412
47681    69387
47666    69367
47661    69352
47656    69342
47646    69317
47641    69297
47646    69287
47651    69272
47656    69262
47676    69242
47686    69237
47701    69227
47711    69217
47726    69202
47736    69187
47746    69162
47756    69152
47761    69137
47766    69122
47776    69092
47776    69077
47781    69057
47781    69037
47786    69007
47796    68978
47801    68938
47801    68923
47806    68898
47801    68868
47801    68853
47781    68808
47776    68798
47756    68762
47721    68692
47706    68667
47686    68637
47656    68592
47641    68582
47641    68562
47626    68547
47621    68537
47616    68527
47611    68507
47606    68482
47606    68452
47606    68417
47606    68402
47611    68372
47616    68357
47621    68332
47626    68307
47631    68272
47631    68257
47636    68227
47646    68207
47651    68192
47666    68167
47671    68147
47681    68127
47702    68078
47717    68033
47722    68013
47737    67973
47742    67963
47752    67953
47762    67938
47767    67913
47772    67903
47772    67888
47767    67873
47757    67863
47737    67848
47712    67828
47697    67808
47692    67793
47692    67768
47712    67753
47732    67753
47777    67748
47847    67753
47862    67758
47877    67763
47922    67778
47942    67783
47977    67798
47997    67798
48012    67798
48027    67798
48042    67808
48138    67819
48163    67824
48173    67839
48183    67844
48228    67834
48238    67824
48243    67799
48238    67789
48223    67774
48213    67754
48208    67744
48198    67729
48193    67709
48173    67669
48173    67614
48163    67604
48158    67594
48143    67544
48133    67509
48123    67479
48118    67464
48113    67409
48108    67364
48103    67354
48093    67334
48073    67304
48058    67289
48033    67254
48018    67229
47988    67199
47973    67184
47958    67168
47948    67138
47928    67108
47908    67063
47888    67028
47878    67018
47868    66983
47838    66928
47818    66888
47813    66878
47808    66863
47798    66833
47778    66778
47768    66748
47763    66718
47763    66693
47758    66643
47753    66633
47743    66593
47738    66578
47733    66568
47728    66553
47718    66538
47693    66508
47678    66493
47627    66443
47602    66443
47577    66433
47557    66423
47517    66403
47497    66373
47477    66338
47472    66328
47447    66268
47447    66243
47442    66223
47437    66193
47412    66137
47397    66107
47382    66077
47357    66047
47352    66027
47327    65987
47307    65967
47292    65957
47247    65922
47237    65912
47237    65877
47247    65862
47252    65852
47252    65822
47247    65802
47242    65772
47232    65732
47232    65712
47227    65692
47227    65652
47227    65637
47232    65597
47247    65572
47252    65557
47257    65527
47257    65512
47272    65497
47277    65487
47282    65467
47282    65407
47287    65392
47298    65377
47308    65317
47313    65303
47318    65293
47343    65278
47353    65263
47368    65238
47388    65198
47398    65183
47408    65173
47423    65153
47433    65148
47443    65128
47453    65113
47458    65103
47468    65088
47478    65063
47498    65038
47523    64993
47538    64978
47548    64963
47558    64933
47568    64918
47573    64908
47588    64903
47624    64893
47639    64898
47654    64893
47734    64889
47874    64834
47944    64799
47954    64794
47959    64784
47969    64779
47989    64769
48024    64754
48060    64740
48095    64720
48110    64710
48125    64700
48200    64660
48215    64655
48225    64650
48255    64645
48270    64630
48300    64620
48315    64615
48330    64610
48365    64580
48370    64570
48380    64555
48385    64535
48405    64530
48460    64526
48455    64546
48445    64581
48470    64591
48495    64596
48566    64616
48586    64616
48601    64621
48636    64611
48646    64626
48681    64616
48696    64616
48706    64611
48716    64596
48726    64581
48736    64551
48741    64526
48741    64496
48741    64476
48741    64456
48746    64436
48746    64416
48751    64386
48751    64366
48751    64336
48746    64316
48751    64296
48766    64276
48796    64247
48816    64222
48821    64212
48836    64182
48852    64162
48857    64137
48867    64122
48877    64112
48887    64097
48902    64087
48922    64072
48942    64057
48962    64042
48972    64032
48987    64017
49002    64007
49012    63997
49017    63987
49032    63987
49047    63977
49062    63962
49072    63957
49097    63942
49147    63917
49167    63908
49192    63898
49227    63883
49237    63878
49283    63863
49368    63793
49383    63763
49388    63743
49393    63733
49398    63718
49403    63698
49408    63678
49413    63653
49418    63643
49423    63623
49428    63613
49443    63608
49458    63623
49473    63668
49468    63693
49463    63703
49468    63723
49478    63733
49503    63748
49543    63749
49588    63739
49618    63734
49668    63734
49704    63739
49729    63739
49744    63739
49804    63749
49859    63759
49894    63764
49919    63774
49949    63775
50004    63780
50039    63780
50069    63785
50094    63785
50124    63785
50154    63785
50185    63785
50210    63790
50235    63800
50285    63835
50300    63845
50315    63850
50330    63855
50360    63861
50380    63861
50395    63866
50440    63871
50450    63876
50480    63886
50535    63896
50565    63896
50590    63896
50615    63891
50630    63896
50650    63901
50700    63916
50741    63911
50766    63911
50781    63917
50801    63937
50811    63942
50856    63957
50926    63947
50946    63942
50956    63947
50976    63952
51001    63957
51016    63957
51031    63962
51066    63962
51096    63952
51161    63932
51171    63937
51181    63943
51191    63948
51211    63963
51222    63973
51242    63988
51262    64013
51277    64028
51292    64053
51307    64068
51317    64083
51327    64108
51332    64118
51347    64148
51357    64168
51362    64188
51382    64223
51392    64233
51412    64263
51422    64278
51432    64298
51442    64303
51457    64313
51487    64328
51507    64338
51537    64343
51582    64368
51632    64398
51657    64409
51647    64424
51647    64444
51667    64484
51692    64534
51702    64544
51707    64569
51722    64604
51727    64624
51742    64674
51747    64684
51767    64714
51777    64724
51792    64729
51827    64759
51837    64764
51857    64784
51872    64819
51877    64834
51887    64864
51892    64874
51907    64909
51927    64944
51937    64959
51967    65004
51972    65024
51987    65044
52012    65079
52022    65099
52027    65109
52017    65119
52012    65129
51982    65139
51962    65144
51937    65159
51927    65174
51917    65199
51902    65224
51887    65239
51877    65234
51852    65219
51807    65214
51787    65229
51792    65254
51792    65279
51782    65299
51757    65318
51737    65323
51707    65318
51672    65323
51626    65333
51611    65338
51601    65363
51591    65373
51596    65383
51601    65398
51631    65423
51636    65433
51671    65453
51686    65463
51696    65468
51712    65468
51742    65473
51812    65494
51837    65504
51862    65514
51882    65534
51927    65559
51967    65579
51987    65594
52017    65619
52042    65639
52052    65649
52097    65689
52147    65734
52162    65754
52202    65789
52222    65809
52242    65830
52272    65855
52292    65870
52302    65875
52333    65905
52343    65915
52388    65935
52398    65940
52408    65945
52418    65955
52428    65960
52473    65960
52523    65965
52548    65970
52578    65965
52603    65960
52628    65950
52653    65931
52668    65926
52678    65911
52688    65896
52703    65866
52708    65851
52713    65826
52718    65801
52728    65756
52733    65716
52733    65686
52728    65666
52729    65646
52714    65601
52714    65586
52724    65566
52744    65551
52759    65546
52784    65546
52819    65546
52834    65541
52854    65536
52864    65521
52874    65496
52939    65416
52939    65386
52949    65366
52964    65351
52979    65342
53019    65327
53044    65302
53049    65292
53064    65277
53095    65262
53110    65257
53130    65252
53150    65247
53180    65247
53220    65237
53235    65222
53260    65192
53270    65172
53285    65157
53295    65142
53310    65137
53325    65137
53350    65132
53365    65133
53405    65138
53450    65133
53470    65128
53480    65123
53505    65133
53535    65138
53546    65128
53561    65113
53571    65098
53581    65078
53601    65058
53616    65043
53636    65028
53661    65023
53691    64988
53711    64968
53731    64953
53746    64939
53756    64924
53776    64899
53786    64874
53791    64854
53796    64829
53811    64799
53821    64769
53831    64739
53836    64729
53846    64709
53866    64694
53902    64699
53932    64694
53947    64694
53962    64689
53977    64679
53992    64669
54017    64654
54032    64639
54037    64629
54047    64619
54107    64570
54117    64555
54132    64530
54142    64510
54147    64495
54182    64440
54197    64420
54197    64400
54197    64385
54197    64350
54212    64275
54212    64260
54207    64250
54192    64225
54182    64210
54147    64180
54122    64185
54102    64185
54107    64170
54127    64150
54137    64140
54132    64105
54127    64095
54122    64085
54143    63990
54148    63975
54173    63945
54183    63915
54193    63895
54203    63875
54208    63860
54218    63835
54228    63800
54268    63745
54273    63730
54278    63720
54283    63710
54303    63680
54323    63660
54343    63650
54363    63645
54398    63636
54433    63631
54443    63626
54458    63621
54468    63616
54478    63611
54544    63561
54589    63536
54599    63541
54614    63536
54644    63526
54674    63521
54704    63506
54719    63496
54729    63486
54754    63472
54814    63422
54799    63412
54794    63402
54794    63387
54784    63367
54779    63347
54779    63332
54774    63322
54779    63312
54784    63302
54784    63287
54779    63272
54774    63257
54774    63242
54784    63227
54789    63202
54794    63147
54784    63117
54784    63097
54784    63067
54784    63042
54779    63017
54774    62992
54769    62972
54759    62952
54754    62942
54749    62927
54749    62907
54749    62887
54755    62877
54770    62852
54785    62827
54800    62792
54815    62772
54820    62747
54825    62737
54835    62712
54845    62702
54875    62667
54890    62647
54910    62617
54920    62582
54925    62572
54935    62552
54950    62522
54960    62517
54970    62512
54985    62487
54995    62477
55000    62457
55015    62442
55030    62433
55050    62423
55060    62413
55070    62393
55081    62383
55101    62363
55121    62358
55151    62338
55191    62308
55211    62298
55226    62283
55261    62253
55276    62243
55286    62233
55301    62218
55311    62208
55326    62198
55326    62168
55321    62158
55316    62148
55311    62138
55296    62113
55286    62098
55261    62073
55246    62058
55216    62018
55201    62003
55176    61983
55141    61948
55106    61918
55096    61913
55056    61883
55046    61878
55021    61858
54991    61833
54971    61838
54946    61833
54931    61822
54921    61832
54911    61842
54885    61817
54820    61762
54805    61742
54755    61702
54730    61682
54720    61672
54700    61667
54680    61662
54665    61667
54635    61672
54605    61677
54590    61687
54580    61677
54545    61647
54530    61647
54515    61662
54505    61676
54490    61681
54470    61691
54455    61671
54420    61631
54400    61621
54395    61611
54380    61591
54365    61581
54355    61571
54340    61571
54309    61561
54279    61561
54259    61556
54224    61551
54209    61551
54194    61546
54174    61541
54144    61531
54129    61526
54114    61516
54074    61495
54059    61485
54044    61470
54034    61465
54014    61455
54004    61450
53974    61410
53964    61395
53959    61350
53954    61325
53959    61295
53964    61280
53969    61255
53974    61220
53979    61205
53994    61190
54019    61180
54054    61181
54074    61176
54084    61171
54094    61161
54099    61151
54114    61131
54129    61111
54144    61096
54164    61076
54185    61051
54210    61051
54210    61031
54235    60996
54240    60971
54255    60941
54260    60921
54260    60896
54260    60881
54260    60861
54255    60851
54245    60791
54240    60761
54235    60751
54225    60721
54220    60711
54210    60696
54195    60671
54190    60661
54180    60641
54175    60626
54170    60611
54165    60586
54165    60571
54175    60531
54185    60521
54200    60501
54215    60486
54235    60471
54245    60441
54255    60436
54255    60401
54255    60381
54250    60366
54245    60341
54230    60321
54225    60306
54205    60271
54195    60266
54180    60261
54165    60251
54140    60221
54145    60196
54150    60181
54145    60166
54140    60156
54120    60121
54110    60091
54095    60066
54085    60026
54060    59991
54035    59956
54020    59936
53995    59896
53975    59856
53980    59821
53940    59771
53930    59756
53905    59756
53880    59746
53850    59735
53830    59725
53815    59705
53790    59670
53745    59620
53730    59590
53720    59570
53705    59535
53695    59500
53695    59480
53685    59435
53680    59405
53675    59375
53670    59335
53645    59265
53630    59230
53615    59165
53610    59150
53615    59130
53625    59090
53630    59075
53625    59050
53595    59000
53585    58985
53575    58950
53565    58925
53550    58865
53545    58855
53530    58805
53515    58785
53495    58740
53490    58730
53470    58690
53455    58665
53430    58630
53420    58620
53405    58605
53395    58595
53385    58585
53364    58580
53324    58535
53294    58505
53279    58484
53264    58464
53254    58454
53249    58444
53229    58419
53219    58409
53199    58374
53139    58309
53134    58294
53109    58259
53099    58249
53089    58234
53069    58199
53059    58184
53034    58149
53024    58144
53014    58124
52984    58084
52989    58074
52984    58064
52969    58049
52959    58034
52934    58004
52914    57979
52904    57959
52884    57924
52849    57884
52839    57864
52829    57849
52814    57824
52804    57799
52774    57753
52754    57708
52744    57698
52709    57643
52699    57628
52674    57588
52664    57563
52654    57553
52649    57538
52649    57518
52644    57508
52644    57493
52639    57473
52634    57458
52609    57418
52599    57413
52584    57418
52554    57403
52524    57398
52509    57388
52488    57383
52458    57378
52438    57383
52408    57383
52398    57388
52373    57388
52353    57383
52338    57383
52318    57382
52303    57377
52288    57377
52263    57372
52228    57367
52188    57337
52168    57327
52143    57317
52108    57292
52058    57267
52043    57257
52023    57242
51993    57217
51963    57197
51948    57192
51942    57187
51917    57177
51882    57141
51872    57136
51862    57131
51852    57126
51842    57121
51832    57116
51782    57081
51757    57066
51732    57041
51707    57016
51682    56986
51652    56961
51637    56946
51607    56911
51602    56901
51572    56861
51567    56851
51562    56836
51537    56796
51527    56781
51512    56751
51492    56721
51477    56701
51472    56691
51452    56656
51442    56636
51422    56600
51387    56535
51372    56510
51362    56490
51342    56450
51327    56415
51312    56385
51292    56360
51277    56320
51257    56290
51247    56265
51242    56255
51232    56245
51227    56230
51212    56215
51202    56200
51187    56195
51162    56190
51147    56180
51116    56160
51086    56140
51051    56115
51026    56105
51006    56095
50976    56075
50951    56045
50941    56029
50931    56009
50916    55974
50911    55964
50916    55944
50911    55909
50901    55879
50906    55864
50901    55829
50901    55794
50896    55779
50896    55739
50891    55719
50896    55689
50896    55664
50896    55649
50891    55634
50896    55615
50891    55599
50896    55585
50901    55570
50901    55555
50906    55540
50901    55530
50901    55510
50896    55500
50891    55480
50891    55450
50881    55430
50880    55410
50880    55410
50867    55427
50847    55403
50827    55373
50795    55333
50775    55293
50760    55243
50745    55213
50725    55193
50700    55168
50685    55148
50670    55123
50665    55049
50660    54994
50651    54949
50661    54909
50656    54835
50661    54805
50666    54770
50666    54740
50671    54685
50676    54651
50682    54611
50682    54576
50692    54556
50697    54511
50702    54476
50712    54422
50717    54372
50717    54297
50708    54252
50698    54223
50688    54193
50678    54158
50663    54113
50653    54083
50638    54048
50623    54028
50603    54008
50578    53964
50563    53944
50548    53914
50534    53874
50519    53854
50514    53824
50514    53789
50509    53754
50479    53724
50459    53709
50439    53694
50414    53665
50399    53650
50409    53620
50419    53600
50429    53580
50459    53555
50455    53520
50480    53500
50500    53485
50515    53466
50525    53426
50540    53396
50560    53376
50585    53336
50620    53262
50635    53237
50635    53207
50631    53167
50636    53137
50646    53093
50651    53063
50656    53038
50656    52988
50661    52948
50656    52913
50646    52888
50616    52859
50586    52849
50546    52829
50511    52823
50471    52813
50422    52798
50357    52788
50307    52773
50257    52748
50212    52733
50187    52723
50147    52708
50102    52698
50062    52683
50007    52678
49982    52668
49932    52648
49887    52618
49862    52598
49817    52573
49792    52558
49747    52528
49722    52503
49682    52463
49668    52444
49633    52409
49598    52354
49573    52319
49563    52284
49548    52249
49533    52214
49508    52154
49498    52110
49489    52040
49484    51955
49484    51886
49484    51846
49479    51796
49469    51761
49449    51736
49435    51711
49425    51647
49400    51617
49380    51582
49360    51572
49340    51562
49300    51537
49280    51527
49245    51507
49230    51482
49210    51452
49170    51412
49135    51392
49085    51367
49056    51337
49021    51302
48996    51277
48986    51252
48961    51203
48931    51163
48906    51103
48891    51053
48892    50984
48902    50904
48912    50849
48917    50804
48927    50755
48927    50720
48942    50670
48952    50650
48963    50610
48978    50576
48993    50551
49008    50506
49018    50471
49018    50441
48988    50411
48968    50386
48933    50361
48918    50336
48898    50302
48889    50262
48894    50197
48854    50162
48824    50117
48809    50097
48784    50072
48759    50018
48754    49988
48744    49968
48749    49908
48760    49883
48775    49848
48785    49789
48800    49759
48825    49694
48845    49679
48860    49615
48880    49555
48916    49480
48926    49436
48926    49406
48921    49381
48926    49331
48931    49301
48946    49266
48961    49246
48971    49202
48972    49177
48982    49152
48987    49127
48982    49097
48987    49067
48987    49013
48987    48973
48977    48933
48962    48873
48943    48798
48923    48773
48893    48754
48873    48739
48833    48704
48773    48669
48743    48639
48718    48614
48683    48579
48648    48544
48623    48514
48603    48489
48578    48464
48569    48444
48534    48399
48504    48360
48489    48335
48474    48300
48459    48255
48449    48210
48429    48175
48424    48150
48404    48105
48380    48051
48370    48021
48335    47961
48310    47906
48285    47836
48260    47772
48240    47737
48221    47717
48186    47682
48171    47662
48146    47637
48116    47592
48091    47552
48071    47522
48041    47488
48021    47453
48021    47413
48011    47388
48002    47348
47982    47288
47967    47238
47957    47219
47947    47179
47942    47119
47927    47049
47922    47024
47913    46984
47903    46935
47893    46900
47883    46870
47878    46840
47873    46800
47873    46770
47868    46745
47888    46711
47913    46696
47963    46686
47998    46666
48023    46651
48043    46636
48079    46602
48104    46532
48114    46502
48124    46482
48139    46447
48169    46408
48204    46368
48224    46348
48274    46323
48309    46308
48339    46303
48389    46279
48425    46259
48455    46249
48480    46244
48515    46234
48545    46229
48580    46229
48600    46219
48665    46190
48695    46190
48725    46205
48740    46220
48775    46254
48794    46274
48809    46289
48849    46309
48879    46309
48914    46295
48949    46315
48979    46325
48999    46335
49034    46325
49099    46350
49114    46380
49129    46400
49154    46390
49184    46370
49214    46360
49264    46360
49329    46370
49354    46375
49379    46380
49409    46380
49459    46385
49499    46370
49509    46346
49529    46326
49564    46311
49614    46301
49639    46306
49654    46336
49669    46371
49704    46376
49719    46351
49744    46326
49754    46296
49790    46257
49820    46262
49855    46242
49895    46217
49935    46187
49955    46172
49980    46142
49995    46128
50005    46108
50025    46083
50045    46053
50060    46028
50085    46018
50110    46043
50125    46063
50150    46083
50180    46098
50230    46078
50245    46048
50275    46058
50290    46088
50300    46113
50305    46143
50305    46173
50310    46238
50315    46263
50324    46282
50339    46302
50359    46317
50389    46332
50429    46357
50474    46372
50509    46387
50539    46382
50569    46387
50589    46397
50619    46412
50639    46427
50649    46462
50634    46482
50604    46487
50559    46497
50564    46542
50579    46582
50589    46607
50598    46651
50623    46706
50633    46726
50643    46756
50613    46801
50578    46821
50553    46801
50533    46771
50528    46741
50528    46701
50513    46686
50478    46696
50443    46726
50433    46751
50403    46800
50383    46850
50363    46910
50353    46950
50337    47014
50327    47039
50307    47074
50292    47099
50267    47119
50232    47128
50162    47168
50142    47178
50107    47198
50067    47218
50007    47267
50022    47307
50032    47327
50042    47357
50046    47387
50066    47412
50076    47437
50081    47477
50071    47521
50086    47561
50126    47551
50181    47566
50231    47586
50266    47601
50281    47616
50301    47641
50336    47676
50361    47701
50375    47731
50390    47756
50435    47801
50465    47831
50490    47846
50520    47851
50545    47861
50580    47866
50625    47866
50655    47876
50690    47886
50715    47891
50775    47906
50835    47921
50880    47931
50925    47936
50975    47926
51035    47912
51060    47892
51080    47872
51095    47857
51110    47837
51120    47817
51130    47787
51140    47743
51156    47698
51166    47658
51176    47623
51186    47593
51196    47549
51206    47514
51221    47464
51241    47419
51256    47399
51286    47365
51292    47345
51302    47325
51322    47295
51332    47275
51352    47255
51387    47215
51402    47201
51447    47166
51467    47146
51502    47111
51532    47086
51557    47066
51577    47047
51607    47022
51632    47002
51668    46977
51688    46957
51713    46937
51758    46898
51778    46883
51813    46858
51853    46828
51913    46783
51963    46764
51988    46744
52028    46724
52088    46689
52123    46669
52163    46640
52199    46625
52259    46595
52304    46575
52334    46560
52374    46535
52404    46521
52434    46511
52469    46501
52534    46471
52579    46451
52624    46431
52649    46421
52699    46407
52754    46387
52784    46382
52834    46372
52864    46367
52914    46357
52964    46367
52989    46377
53054    46377
53109    46402
53189    46408
53239    46403
53264    46413
53314    46428
53344    46443
53369    46453
53409    46463
53439    46473
53494    46483
53524    46483
53584    46483
53654    46483
53719    46483
53794    46479
53849    46479
53904    46474
53944    46469
54024    46454
54054    46454
54114    46449
54164    46449
54224    46450
54289    46440
54354    46445
54384    46435
54469    46430
54529    46410
54554    46405
54644    46401
54689    46396
54779    46396
54859    46386
54904    46386
54979    46386
55054    46381
55129    46387
55194    46382
55269    46372
55329    46377
55389    46392
55439    46407
55494    46422
55519    46427
55579    46442
55634    46447
55669    46457
55714    46472
55779    46492
55819    46502
55874    46518
55934    46533
55999    46548
56064    46563
56144    46578
56179    46588
56214    46593
56249    46603
56274    46613
56324    46628
56378    46643
56428    46653
56473    46668
56493    46678
56523    46703
56573    46733
56628    46758
56663    46778
56698    46808
56733    46833
56773    46873
56803    46908
56828    46938
56843    46967
56858    46997
56877    47052
56892    47092
56897    47132
56907    47182
56917    47216
56922    47251
56932    47296
56932    47356
56936    47401
56941    47460
56936    47495
56911    47550
56896    47565
56881    47595
56896    47640
56906    47659
56946    47704
56975    47739
57010    47774
57070    47814
57110    47844
57160    47884
57190    47899
57210    47909
57230    47919
57275    47944
57320    47979
57365    48014
57385    48029
57410    48059
57449    48104
57479    48133
57504    48163
57514    48183
57529    48218
57559    48273
57579    48313
57604    48363
57604    48393
57604    48432
57613    48462
57613    48517
57608    48557
57598    48577
57583    48617
57573    48641
57548    48701
57538    48736
57528    48771
57503    48815
57492    48850
57457    48915
57447    48965
57447    49029
57447    49089
57452    49124
57457    49154
57466    49214
57466    49253
57471    49303
57476    49368
57486    49418
57486    49453
57486    49507
57495    49552
57505    49602
57515    49637
57520    49667
57535    49736
57555    49796
57565    49826
57590    49851
57610    49866
57650    49886
57680    49896
57739    49916
57759    49926
57799    49941
57839    49961
57884    49971
57939    49971
57974    49976
57999    49971
58049    49971
58084    49966
58139    49967
58174    49967
58209    49972
58284    49967
58374    49952
58429    49932
58449    49922
58480    49898
58510    49878
58530    49863
58545    49838
58555    49818
58550    49788
58555    49748
58550    49714
58545    49684
58545    49649
58535    49604
58525    49569
58516    49544
58501    49509
58491    49489
58466    49445
58451    49415
58431    49385
58406    49350
58381    49325
58366    49305
58341    49270
58326    49250
58316    49190
58307    49136
58292    49091
58282    49071
58272    49046
58257    49021
58237    48996
58227    48976
58207    48946
58192    48911
58177    48842
58183    48812
58193    48787
58203    48762
58228    48727
58268    48683
58298    48648
58338    48623
58368    48598
58403    48568
58443    48544
58463    48534
58508    48504
58573    48474
58603    48459
58669    48439
58719    48425
58774    48415
58824    48415
58879    48415
58909    48420
58964    48425
59009    48430
59064    48440
59089    48445
59118    48460
59148    48465
59168    48490
59188    48510
59213    48540
59233    48585
59258    48640
59273    48670
59288    48709
59298    48729
59323    48789
59347    48844
59362    48864
59377    48899
59382    48929
59407    48964
59422    48998
59442    49033
59457    49058
59477    49083
59492    49103
59527    49148
59557    49173
59582    49163
59632    49158
59672    49153
59707    49163
59737    49173
59766    49193
59801    49208
59876    49258
59896    49273
59921    49288
59961    49313
59981    49328
60011    49348
60031    49363
60061    49403
60086    49428
60116    49478
60136    49513
60155    49552
60175    49577
60195    49592
60220    49602
60235    49617
60245    49642
60250    49692
60235    49727
60225    49747
60210    49762
60190    49781
60175    49796
60140    49811
60125    49826
60130    49876
60135    49906
60149    49951
60179    49986
60199    50005
60219    50025
60249    50050
60279    50075
60319    50120
60359    50155
60379    50180
60409    50220
60444    50260
60453    50280
60463    50305
60473    50335
60488    50359
60498    50389
60503    50419
60513    50449
60528    50494
60533    50534
60528    50579
60503    50618
60487    50658
60477    50703
60472    50748
60477    50783
60492    50827
60507    50862
60532    50897
60547    50912
60577    50927
60602    50957
60627    50967
60677    50987
60731    51017
60801    51062
60841    51087
60886    51117
60911    51127
60946    51142
60976    51147
61031    51147
61061    51142
61106    51127
61216    51113
61266    51103
61336    51103
61376    51098
61431    51103
61461    51103
61506    51103
61556    51098
61621    51093
61696    51099
61781    51099
61831    51094
61901    51094
61971    51104
62026    51109
62081    51114
62126    51129
62181    51134
62216    51134
62236    51125
62256    51115
62321    51095
62351    51090
62406    51090
62466    51095
62491    51105
62526    51115
62571    51125
62601    51130
62626    51140
62666    51145
62706    51140
62736    51145
62771    51146
62801    51146
62881    51156
62951    51166
62991    51181
63051    51201
63086    51211
63131    51226
63176    51241
63221    51251
63301    51266
63386    51281
63436    51291
63461    51311
63481    51326
63501    51356
63520    51371
63540    51386
63571    51361
63586    51341
63616    51321
63676    51302
63716    51302
63756    51312
63796    51317
63901    51317
63976    51312
64016    51312
64076    51307
64136    51308
64161    51313
64241    51308
64321    51313
64391    51313
64436    51313
64501    51308
64576    51308
64646    51314
64681    51324
64716    51334
64756    51349
64805    51374
64855    51389
64905    51404
64950    51419
64975    51439
65040    51474
65110    51504
65145    51524
65170    51544
65190    51568
65225    51613
65260    51653
65295    51713
65344    51788
65374    51848
65384    51872
65394    51907
65409    51947
65429    51982
65439    52022
65454    52057
65463    52107
65478    52166
65493    52181
65513    52211
65548    52271
65563    52311
65593    52371
65618    52420
65637    52465
65652    52510
65662    52545
65667    52575
65677    52595
65697    52640
65717    52665
65752    52695
65792    52744
65822    52804
65861    52869
65906    52939
65941    52994
65956    53014
66001    53073
66046    53123
66085    53183
66115    53233
66140    53273
66165    53318
66190    53377
66220    53417
66240    53452
66255    53492
66275    53512
66290    53482
66305    53452
66320    53432
66340    53412
66405    53363
66445    53343
66505    53323
66555    53308
66590    53303
66660    53289
66715    53294
66745    53299
66810    53309
66845    53314
66921    53315
66931    53317
66941    53319
66961    53322
66991    53324
67026    53330
67031    53340
67051    53350
67086    53370
67096    53375
67106    53380
67131    53400
67141    53405
67171    53420
67176    53431
67196    53446
67216    53461
67226    53471
67241    53486
67251    53501
67266    53516
67291    53551
67296    53566
67316    53596
67327    53601
67332    53616
67342    53631
67347    53641
67357    53646
67367    53666
67377    53681
67392    53701
67397    53711
67407    53721
67417    53736
67422    53726
67427    53716
67442    53716
67457    53711
67472    53701
67487    53696
67497    53691
67512    53681
67527    53676
67547    53676
67562    53681
67577    53691
67602    53701
67622    53712
67632    53717
67642    53722
67657    53732
67667    53742
67682    53757
67692    53762
67702    53772
67712    53792
67722    53807
67732    53822
67742    53852
67752    53867
67757    53887
67762    53912
67772    53932
67777    53942
67782    53952
67797    53962
67812    53962
67837    53972
67857    53972
67872    53972
67892    53977
67912    53982
67943    53987
67963    53987
67983    53997
68003    54002
68018    54007
68033    54007
68058    54012
68093    54013
68108    54008
68123    54008
68138    53998
68158    54003
68193    53998
68208    53998
68223    53998
68238    53998
68263    54003
68293    54003
68308    54013
68318    54018
68348    54023
68378    54028
68413    54033
68423    54038
68444    54043
68464    54043
68474    54049
68489    54054
68509    54059
68519    54064
68539    54069
68554    54074
68569    54084
68584    54089
68594    54099
68609    54104
68619    54109
68639    54119
68659    54124
68679    54129
68689    54134
68709    54139
68729    54149
68739    54154
68754    54164
68769    54169
68779    54174
68789    54184
68799    54189
68809    54194
68824    54199
68834    54204
68849    54199
68864    54194
68899    54190
68924    54185
68939    54185
68959    54185
68970    54180
68990    54180
69005    54180
69030    54170
69050    54175
69065    54175
69085    54175
69100    54175
69115    54175
69135    54180
69145    54185
69160    54190
69175    54195
69185    54200
69205    54210
69220    54215
69235    54225
69245    54230
69260    54235
69270    54240
69280    54250
69290    54260
69305    54265
69310    54271
69325    54281
69345    54291
69360    54301
69375    54316
69390    54326
69395    54336
69410    54346
69425    54356
69435    54361
69445    54371
69455    54376
69475    54396
69495    54411
69505    54416
69525    54431
69536    54436
69551    54446
69566    54451
69591    54446
69611    54446
69621    54441
69631    54426
69646    54416
69661    54406
69676    54401
69696    54391
69706    54386
69716    54381
69726    54382
69736    54377
69756    54372
69776    54367
69791    54362
69801    54357
69816    54357
69831    54352
69851    54347
69866    54347
69886    54347
69901    54352
69911    54347
69931    54352
69946    54347
69949    54318
69949    54318
69964    54328
69979    54343
69994    54357
70019    54362
70029    54357
70060    54367
70075    54376
70105    54371
70130    54366
70170    54390
70195    54405
70201    54410
70231    54404
70261    54414
70276    54414
70291    54414
70316    54423
70326    54438
70367    54458
70392    54472
70422    54472
70437    54487
70442    54502
70453    54512
70463    54527
70493    54556
70524    54586
70539    54606
70549    54616
70575    54655
70590    54685
70596    54715
70616    54740
70647    54769
70657    54799
70662    54819
70683    54854
70688    54894
70703    54904
70724    54914
70734    54913
70744    54918
70754    54928
70769    54943
70794    54958
70815    54972
70830    54992
70845    55012
70856    55027
70876    55057
70892    55097
70897    55136
70907    55166
70918    55216
70924    55246
70934    55296
70950    55341
70966    55396
70981    55441
70986    55461
70992    55510
71003    55575
71004    55625
71004    55675
71010    55715
71005    55745
71011    55795
71027    55870
71044    55995
71049    56015
71054    56045
71065    56115
71066    56145
71066    56185
71066    56205
71066    56220
71067    56255
71098    56305
71108    56329
71103    56365
71114    56389
71115    56459
71120    56494
71120    56514
71126    56529
71131    56569
71141    56589
71152    56619
71167    56619
71222    56613
71232    56623
71242    56628
71268    56653
71308    56687
71319    56707
71324    56717
71324    56732
71324    56752
71334    56767
71370    56806
71390    56841
71396    56846
71441    56861
71456    56860
71461    56870
71441    56901
71447    56911
71467    56920
71477    56925
71492    56940
71507    56945
71543    56974
71593    56999
71624    57018
71664    57033
71719    57067
71760    57112
71801    57141
71836    57161
71876    57160
71911    57175
71962    57229
71993    57239
72033    57248
72084    57298
72130    57362
72135    57377
72140    57402
72150    57422
72181    57477
72192    57517
72207    57546
72212    57561
72217    57571
72248    57621
72274    57676
72289    57705
72305    57740
72315    57770
72331    57800
72346    57835
72352    57875
72367    57915
72393    57954
72403    57989
72419    57999
72439    58019
72464    58043
72490    58078
72505    58103
72541    58142
72566    58182
72602    58227
72623    58267
72653    58321
72679    58356
72714    58380
72735    58400
72765    58405
72785    58420
72800    58439
72816    58454
72831    58464
72846    58479
72861    58504
72872    58519
72887    58543
72902    58558
72913    58588
72959    58653
72969    58657
72984    58667
72989    58677
73009    58697
73015    58707
73025    58722
73040    58742
73056    58776
73081    58806
73107    58856
73127    58901
73143    58935
73163    58975
73179    59010
73195    59055
73210    59080
73225    59109
73251    59149
73271    59179
73282    59219
73303    59279
73323    59323
73349    59368
73365    59403
73385    59438
73401    59482
73427    59542
73442    59577
73463    59627
73483    59651
73499    59681
73519    59731
73540    59761
73565    59796
73576    59830
73591    59870
73617    59925
73633    59980
73643    60015
73659    60039
73669    60064
73679    60079
73705    60099
73735    60134
73756    60168
73792    60243
73818    60308
73833    60332
73839    60372
73854    60432
73870    60477
73880    60502
73891    60562
73902    60607
73913    60662
73928    60716
73934    60756
73960    60831
73965    60861
73976    60891
73976    60906
73987    60976
73992    60991
73992    61006
73998    61031
73998    61046
74008    61086
74014    61116
74019    61131
74009    61146
73999    61161
73989    61171
74000    61216
74016    61271
74016    61296
74006    61311
74022    61346
74047    61400
74043    61425
74048    61445
74048    61465
74044    61490
74039    61511
74064    61550
74095    61610
74111    61630
74126    61654
74141    61684
74152    61719
74157    61739
74178    61769
74203    61784
74233    61803
74244    61828
74239    61853
74239    61868
74265    61913
74290    61948
74291    61973
74296    62003
74317    62052
74327    62077
74332    62112
74343    62142
74343    62157
74338    62172
74384    62197
74394    62201
74404    62216
74414    62221
74439    62221
74459    62216
74474    62210
74514    62200
74584    62194
74599    62189
74614    62189
74644    62188
74685    62188
74735    62177
74770    62167
74789    62151
74804    62141
74855    62146
74865    62151
74895    62165
74945    62155
74995    62139
75045    62123
75065    62113
75090    62108
75105    62102
75155    62082
75180    62072
75230    62056
75269    62040
75309    62030
75339    62015
75384    61994
75419    61978
75459    61958
75484    61948
75524    61932
75559    61917
75584    61911
75624    61911
75644    61916
75679    61910
75694    61915
75730    61935
75745    61944
75765    61964
75780    61964
75744    61874
75744    61869
75724    61870
75704    61860
75693    61855
75683    61850
75663    61850
75648    61856
75628    61861
75613    61861
75593    61866
75568    61857
75538    61837
75513    61832
75477    61828
75452    61828
75432    61828
75412    61834
75382    61834
75347    61829
75322    61830
75287    61830
75247    61846
75217    61871
75192    61901
75168    61927
75128    61967
75103    61997
75089    62013
75059    62023
75029    62033
75014    62029
74978    62029
74943    62019
74923    62000
74903    61990
74887    61955
74882    61945
74887    61930
74892    61920
74906    61895
74911    61885
74921    61845
74921    61820
74925    61810
74935    61794
74945    61779
74955    61774
74970    61774
75010    61758
75020    61753
75050    61713
75069    61678
75079    61648
75084    61628
75099    61617
75113    61607
75128    61597
75143    61587
75168    61566
75203    61546
75243    61525
75278    61510
75298    61500
75338    61494
75388    61484
75438    61468
75483    61457
75538    61452
75598    61441
75648    61455
75678    61465
75688    61470
75729    61484
75754    61509
75790    61524
75805    61528
75820    61528
75835    61533
75845    61538
75865    61553
75890    61567
75916    61592
75936    61617
75952    61642
75987    61671
76022    61686
76048    61701
76063    61725
76073    61735
76063    61745
76048    61756
76033    61771
76014    61781
75994    61786
75963    61787
75929    61802
75914    61807
75893    61807
75869    61818
75859    61823
75844    61833
75819    61843
75794    61854
75769    61859
75754    61864
75739    61864
75749    61889
75754    61899
75759    61914
75775    61949
75780    61959
75785    61969
75795    61984
75810    61984
75836    61983
75861    61978
75891    61978
75926    61977
75951    61977
75981    61976
76016    61981
76041    61981
76071    61980
76101    61980
76142    61989
76157    61994
76172    61994
76182    61999
76197    62009
76217    62019
76237    62023
76257    62028
76303    62052
76333    62077
76359    62102
76394    62121
76419    62136
76450    62156
76480    62185
76500    62200
76516    62215
76552    62280
76587    62319
76613    62344
76628    62354
76669    62428
76679    62433
76709    62448
76730    62467
76760    62497
76775    62507
76791    62542
76801    62567
76811    62571
76822    62626
76832    62646
76858    62691
76868    62711
76889    62766
76899    62790
76920    62840
76925    62870
76957    62955
76962    62970
76972    63000
76998    63049
77008    63069
77024    63109
77029    63144
77034    63164
77040    63194
77050    63214
77051    63239
77061    63264
77072    63314
77082    63328
77098    63383
77098    63398
77114    63503
77125    63543
77135    63573
77135    63588
77146    63628
77167    63688
77182    63732
77183    63767
77193    63802
77198    63817
77204    63892
77221    63982
77221    64017
77226    64047
77227    64072
77237    64112
77243    64137
77243    64162
77248    64202
77259    64247
77260    64292
77270    64337
77259    64277
77264    64247
77259    64237
77264    64207
77268    64192
77278    64176
77279    64206
77284    64236
77300    64316
77290    64341
77281    64351
77271    64372
77266    64397
77266    64417
77262    64447
77262    64477
77257    64497
77258    64522
77263    64557
77274    64642
77275    64672
77270    64722
77271    64762
77271    64812
77272    64842
77267    64872
77268    64932
77274    64982
77269    65017
77270    65057
77270    65117
77271    65177
77267    65212
77272    65262
77273    65317
77274    65372
77264    65402
77254    65442
77250    65482
77251    65567
77252    65607
77247    65668
77248    65698
77253    65748
77249    65778
77239    65838
77230    65888
77246    65978
77252    66048
77247    66068
77248    66093
77243    66143
77244    66223
77245    66278
77241    66323
77241    66363
77242    66403
77242    66433
77243    66503
77238    66528
77239    66543
77234    66558
77224    66603
77215    66633
77215    66663
77205    66704
77196    66749
77192    66799
77182    66839
77183    66869
77178    66944
77174    66979
77169    67009
77160    67064
77155    67089
77146    67120
77131    67170
77117    67210
77112    67250
77108    67285
77103    67330
77098    67355
77094    67390
77084    67425
77070    67491
77061    67526
77046    67586
77037    67636
77027    67681
77018    67741
77004    67812
76990    67852
76951    67972
76941    68003
76932    68038
76932    68073
76922    68098
76913    68143
76898    68178
76894    68198
76874    68229
76854    68269
76845    68314
76830    68339
76821    68369
76811    68399
76802    68455
76797    68475
76782    68505
76763    68540
76753    68565
76743    68595
76729    68636
76709    68696
76700    68731
76690    68766
76676    68791
76646    68842
76642    68872
76632    68912
76618    68962
76588    69033
76569    69073
76554    69098
76535    69143
76510    69209
76496    69239
76471    69279
76447    69324
76432    69360
76402    69390
76388    69415
76363    69456
76348    69486
76339    69511
76324    69541
76314    69561
76290    69602
76270    69637
76245    69662
76226    69692
76216    69733
76182    69778
76167    69813
76158    69858
76138    69889
76123    69924
76114    69959
76104    69979
76094    70004
76085    70029
76085    70069
76095    70089
76111    70109
76131    70114
76151    70114
76171    70123
76186    70123
76206    70113
76216    70128
76231    70133
76242    70142
76262    70162
76277    70167
76287    70172
76307    70172
76327    70161
76352    70156
76377    70151
76402    70145
76417    70145
76442    70145
76462    70150
76488    70159
76513    70169
76533    70179
76578    70193
76619    70203
76659    70217
76694    70232
76719    70241
76750    70251
76770    70266
76795    70281
76815    70295
76831    70315
76846    70330
76851    70345
76861    70370
76867    70400
76867    70425
76883    70465
76888    70490
76903    70519
76919    70544
76929    70559
76950    70599
76950    70614
76945    70629
76940    70649
76931    70699
76931    70739
76927    70759
76932    70769
76942    70784
76942    70819
76933    70854
76933    70869
76923    70889
76923    70904
76924    70939
76919    70949
76929    70959
76954    70969
76975    70979
77015    70968
77040    70963
77080    70967
77100    70987
77125    71012
77141    71032
77151    71082
77172    71106
77192    71131
77207    71146
77223    71156
77243    71165
77253    71175
77268    71210
77279    71215
77294    71215
77324    71234
77334    71244
77349    71264
77370    71279
77380    71294
77390    71314
77406    71343
77416    71363
77421    71378
77436    71383
77456    71398
77467    71403
77472    71413
77482    71418
77497    71432
77507    71447
77513    71467
77533    71482
77538    71512
77563    71522
77589    71556
77594    71571
77594    71586
77595    71606
77590    71616
77585    71626
77600    71646
77615    71666
77621    71676
77621    71691
77626    71716
77637    71746
77672    71790
77692    71800
77712    71800
77722    71795
77732    71790
77747    71784
77793    71809
77813    71824
77828    71828
77848    71838
77863    71838
77884    71848
77914    71867
77944    71887
77970    71902
77990    71906
78020    71926
78045    71936
78055    71931
78070    71920
78090    71915
78120    71915
78130    71925
78146    71945
78161    71964
78176    71989
78192    72004
78207    72019
78222    72034
78237    72058
78258    72083
78273    72098
78308    72113
78318    72112
78329    72127
78329    72167
78329    72182
78325    72207
78325    72237
78320    72263
78311    72288
78301    72313
78306    72333
78316    72348
78327    72357
78357    72372
78392    72382
78412    72381
78437    72381
78462    72386
78482    72376
78502    72375
78528    72390
78548    72395
78563    72415
78573    72424
78583    72444
78589    72464
78594    72479
78594    72499
78589    72509
78585    72544
78575    72569
78566    72620
78561    72650
78556    72670
78562    72695
78557    72725
78552    72745
78547    72765
78543    72790
78538    72820
78533    72830
78528    72840
78514    72860
78504    72881
78489    72896
78484    72906
78479    72916
78455    72981
78470    73001
78480    73006
78506    73031
78521    73050
78531    73060
78527    73095
78527    73120
78522    73135
78512    73156
78503    73176
78498    73186
78483    73206
78468    73221
78458    73231
78443    73256
78404    73297
78379    73332
78379    73347
78380    73357
78375    73367
78375    73382
78380    73397
78380    73412
78371    73437
78336    73443
78326    73458
78321    73473
78316    73483
78316    73508
78312    73528
78307    73543
78302    73553
78297    73563
78267    73609
78233    73649
78213    73680
78169    73720
78129    73766
78119    73776
78035    73852
78025    73872
78010    73877
77995    73892
77951    73943
77941    73948
77881    73994
77852    74029
77847    74039
77837    74054
77827    74055
77812    74065
77797    74075
77782    74100
77752    74121
77723    74151
77708    74166
77648    74217
77619    74242
77599    74263
77579    74263
77564    74273
77559    74298
77554    74308
77534    74328
77505    74349
77465    74369
77435    74395
77400    74420
77375    74440
77340    74461
77306    74476
77266    74512
77236    74537
77196    74568
77152    74598
77112    74629
77077    74659
77037    74690
77003    74710
76963    74736
76918    74761
76883    74797
76844    74822
76824    74843
76789    74863
76754    74883
76724    74904
76699    74919
76664    74925
76644    74930
76629    74940
76610    74965
76600    74985
76600    75005
76595    75020
76585    75031
76581    75056
76566    75071
76576    75096
76616    75090
76631    75095
76662    75110
76672    75115
76682    75124
76707    75134
76737    75134
76757    75134
76798    75158
76813    75178
76813    75193
76813    75213
76814    75238
76819    75268
76819    75293
76820    75323
76810    75353
76805    75363
76801    75388
76801    75428
76801    75453
76802    75493
76812    75523
76833    75558
76848    75578
76863    75592
76904    75612
76929    75627
76949    75631
76979    75641
76995    75646
77025    75650
77065    75655
77075    75660
77090    75680
77080    75690
77086    75710
77071    75705
77055    75700
77040    75690
77025    75685
77015    75691
77016    75716
77036    75740
77026    75750
77026    75765
77016    75771
77001    75756
76996    75746
76970    75716
76950    75696
76925    75687
76905    75672
76889    75667
76869    75652
76849    75638
76824    75623
76808    75608
76793    75593
76778    75573
76763    75559
76747    75534
76737    75514
76722    75494
76721    75469
76716    75454
76716    75439
76726    75429
76741    75414
76746    75394
76750    75374
76750    75359
76750    75344
76750    75319
76759    75289
76749    75269
76744    75259
76739    75244
76703    75219
76673    75205
76643    75205
76623    75210
76603    75195
76587    75176
76572    75166
76562    75151
76547    75136
76536    75116
76531    75106
76521    75071
76511    75062
76485    75057
76465    75052
76425    75043
76415    75013
76394    75003
76384    74973
76383    74928
76378    74913
76373    74903
76353    74908
76338    74904
76323    74899
76257    74885
76232    74880
76182    74856
76157    74851
76121    74841
76106    74836
76086    74822
76061    74797
76045    74782
76005    74758
75980    74738
75999    74713
75999    74678
75989    74663
75984    74653
75968    74643
75943    74628
75928    74629
75893    74629
75873    74639
75833    74645
75818    74650
75798    74645
75763    74631
75753    74626
75732    74566
75706    74551
75686    74557
75656    74567
75616    74567
75596    74583
75582    74593
75556    74563
75546    74533
75530    74514
75520    74509
75510    74499
75495    74499
75475    74509
75460    74509
75450    74505
75425    74480
75414    74465
75404    74460
75379    74445
75359    74431
75329    74431
75308    74421
75293    74411
75268    74412
75248    74397
75238    74387
75228    74367
75227    74332
75217    74297
75211    74277
75206    74267
75181    74258
75161    74253
75136    74238
75115    74219
75075    74219
75055    74219
75030    74210
75015    74200
74994    74180
74964    74165
74949    74151
74919    74141
74888    74116
74873    74107
74822    74072
74792    74058
74762    74048
74717    74043
74677    74049
74657    74044
74632    74050
74611    74045
74546    73991
74525    73966
74510    73951
74505    73941
74494    73911
74474    73896
74454    73897
74424    73887
74409    73877
74383    73868
74363    73863
74343    73838
74328    73808
74307    73783
74297    73769
74287    73744
74271    73709
74261    73689
74255    73654
74245    73644
74210    73625
74185    73620
74149    73605
74124    73576
74089    73556
74068    73546
74048    73527
74037    73487
74032    73457
74027    73432
74026    73412
74026    73392
74026    73357
74025    73312
74020    73282
74020    73262
73994    73227
73984    73212
73988    73187
73993    73167
73998    73147
73993    73132
73998    73117
73972    73082
73962    73072
73937    73053
73912    73058
73892    73063
73871    73059
73851    73039
73841    73009
73840    72989
73845    72974
73850    72954
73860    72929
73864    72904
73849    72894
73824    72889
73799    72889
73774    72895
73744    72900
73729    72895
73704    72901
73689    72906
73659    72926
73634    72931
73614    72927
73599    72927
73579    72932
73564    72942
73534    72958
73499    72953
73484    72948
73454    72934
73428    72929
73403    72919
73388    72904
73358    72890
73342    72880
73327    72865
73302    72831
73281    72806
73266    72791
73256    72761
73251    72751
73255    72726
73270    72711
73285    72706
73300    72705
73315    72700
73335    72690
73345    72675
73360    72655
73349    72635
73334    72605
73319    72575
73293    72540
73283    72531
73273    72521
73257    72511
73237    72511
73217    72511
73202    72512
73187    72512
73172    72512
73157    72507
73142    72482
73142    72467
73141    72447
73136    72422
73140    72382
73145    72357
73150    72342
73160    72322
73175    72307
73184    72292
73189    72282
73215    72291
73235    72291
73250    72291
73260    72286
73275    72296
73300    72305
73310    72310
73335    72310
73350    72300
73375    72299
73395    72299
73430    72294
73440    72299
73455    72298
73475    72298
73496    72303
73516    72298
73525    72287
73540    72257
73560    72232
73580    72202
73589    72172
73594    72152
73594    72126
73588    72112
73568    72092
73553    72077
73537    72052
73532    72032
73522    72027
73512    72017
73502    72008
73492    72003
73472    71998
73456    71993
73446    71988
73431    71973
73411    71974
73376    71974
73361    71974
73326    71965
73296    71960
73255    71946
73235    71936
73210    71921
73200    71911
73169    71892
73154    71887
73114    71872
73073    71848
73043    71838
73013    71824
72988    71814
72952    71799
72932    71770
72922    71745
72911    71715
72906    71705
72926    71685
72936    71674
72956    71654
72965    71639
72975    71624
72985    71614
72975    71609
72965    71604
72945    71594
72904    71580
72884    71570
72859    71555
72854    71530
72853    71505
72858    71475
72853    71445
72847    71395
72847    71370
72856    71345
72876    71320
72896    71305
72921    71309
72951    71309
72996    71304
73036    71298
73066    71293
73091    71282
73126    71262
73166    71231
73186    71216
73200    71196
73215    71171
73230    71141
73235    71125
73224    71091
73219    71081
73209    71061
73173    71016
73158    70996
73137    70977
73107    70962
73087    70952
73052    70943
73042    70938
73006    70913
72981    70894
72966    70879
72960    70864
72955    70834
72950    70799
72944    70764
72954    70744
72953    70699
72948    70659
72947    70619
72941    70559
72931    70519
72920    70479
72900    70449
72880    70435
72869    70425
72849    70410
72829    70400
72804    70375
72788    70361
72768    70341
72758    70326
72742    70291
72712    70247
72696    70217
72676    70192
72670    70162
72660    70142
72635    70097
72619    70083
72604    70068
72594    70053
72594    70028
72608    70018
72638    69997
72648    69977
72642    69932
72642    69907
72652    69877
72657    69862
72671    69827
72681    69797
72676    69787
72660    69757
72650    69747
72600    69738
72580    69733
72549    69713
72534    69693
72519    69674
72504    69669
72478    69659
72448    69665
72428    69650
72418    69640
72408    69620
72392    69595
72382    69585
72367    69576
72332    69571
72322    69551
72296    69551
72271    69517
72256    69517
72246    69527
72236    69532
72211    69537
72186    69548
72156    69558
72126    69569
72101    69579
72111    69589
72097    69634
72092    69644
72082    69649
72052    69674
72047    69680
72042    69690
72048    69700
72023    69720
71998    69730
71963    69736
71948    69736
71933    69736
71913    69751
71888    69777
71878    69782
71868    69792
71853    69797
71823    69797
71803    69803
71793    69798
71773    69803
71763    69808
71743    69793
71738    69778
71718    69779
71702    69774
71682    69769
71662    69774
71642    69775
71622    69760
71607    69750
71592    69745
71577    69740
71567    69736
71551    69721
71541    69706
71536    69696
71516    69691
71506    69686
71481    69692
71471    69687
71450    69677
71435    69672
71425    69687
71421    69712
71426    69722
71431    69737
71431    69762
71422    69782
71412    69803
71407    69813
71407    69828
71412    69838
71423    69852
71443    69862
71458    69877
71473    69877
71488    69887
71484    69912
71474    69917
71459    69922
71439    69922
71429    69932
71429    69947
71439    69952
71444    69987
71455    70012
71460    70022
71460    70042
71471    70082
71471    70097
71476    70112
71486    70122
71491    70132
71506    70132
71521    70131
71537    70136
71547    70141
71557    70151
71567    70156
71587    70171
71592    70191
71593    70246
71588    70271
71579    70306
71564    70336
71555    70361
71540    70396
71525    70441
71496    70492
71481    70522
71452    70567
71432    70608
71408    70643
71388    70678
71368    70704
71358    70714
71344    70729
71339    70749
71339    70764
71314    70804
71290    70845
71265    70875
71211    70946
71191    70966
71142    71017
71102    71057
71057    71098
71018    71123
70978    71149
70948    71169
70918    71184
70888    71205
70858    71225
70808    71241
70799    71251
70779    71256
70759    71281
70764    71291
70774    71301
70779    71311
70784    71326
70775    71351
70765    71366
70750    71377
70725    71382
70715    71377
70690    71372
70665    71363
70659    71358
70639    71363
70630    71368
70615    71373
70605    71383
70585    71404
70560    71419
70545    71434
70520    71445
70495    71455
70475    71465
70425    71476
70410    71481
70380    71486
70355    71492
70330    71497
70295    71492
70270    71493
70245    71483
70215    71473
70189    71464
70159    71454
70144    71444
70104    71450
70089    71465
70079    71470
70064    71485
70054    71490
70044    71501
70024    71511
70010    71521
69994    71521
69984    71526