  33	 3492	 725.251	 124.058	 310.196	 15.748	 184.327	 -2.379
  31	 3609	 528.835	 134.781	 265.154	 19.343	 193.671	 -2.498
  36	 2309	 776.285	 176.411	 289.593	 15.702	 138.194	 -2.616
  31	 2377	 748.237	 107.364	 320.845	 8.716	 332.340	 -2.650
   4	 2603	 743.079	 151.001	 285.400	 15.412	 510.537	 -2.726
  39	 1410	 762.627	 220.685	 311.102	 17.991	 561.829	 -2.753
   1	 1192	 640.898	 107.895	 322.374	 8.891	 163.215	 -2.777
  47	 2299	 669.757	 235.985	 282.058	 16.115	 212.657	 -2.799
  47	 2265	 776.940	 246.873	 306.987	 16.594	 298.763	 -2.807
  29	 3440	 712.222	 175.755	 350.136	 14.436	 290.579	 -2.833
  30	 3517	 635.744	 181.733	 293.059	 14.833	 684.324	 -2.846
  39	  352	 821.829	 269.567	 266.045	 19.166	 295.523	 -2.871
  37	  299	 763.799	 167.011	 308.307	 12.240	 801.401	 -2.883
  16	  827	 855.748	 236.331	 301.728	 19.553	 327.654	 -2.893
  30	  305	 612.797	 146.608	 286.563	 12.429	 595.371	 -2.920
  41	  152	 553.663	 154.086	 247.962	 18.322	 112.095	 -2.944
  41	 3914	 703.942	 232.177	 263.103	 17.257	 751.427	 -2.976
  31	 3540	 770.066	 165.364	 262.907	 16.184	 620.657	 -2.979
  20	 3094	 743.776	 249.491	 320.047	 19.645	 908.919	 -2.981
  47	 2343	 699.834	 234.439	 329.503	 14.846	 454.979	 -2.989
  42	  312	 719.534	 176.547	 334.213	 18.279	 566.302	 -3.044
  46	 3332	 517.167	 194.115	 265.140	 19.159	 346.663	 -3.061
  37	 1604	 782.282	 330.269	 295.640	 19.328	 1063.823	 -3.064
  47	 2236	 791.971	 253.394	 282.567	 16.476	 123.454	 -3.070
  44	  485	 547.438	 120.246	 393.335	 17.274	 237.908	 -3.089
  44	  490	 547.438	 120.246	 393.335	 17.274	 237.908	 -3.089
  30	 3506	 676.173	 237.075	 290.213	 14.334	 743.966	 -3.121
  34	 1150	 887.007	 181.390	 279.330	 13.012	 1143.531	 -3.147
   1	 1278	 634.295	 230.105	 323.626	 17.239	 1122.165	 -3.153
  36	 2279	 813.010	 180.165	 289.315	 11.940	 118.708	 -3.153
  47	  317	 823.633	 110.292	 273.851	 6.656	 319.121	 -3.164
  20	 2063	 813.806	 240.089	 269.858	 15.011	 1574.734	 -3.232
   8	 1229	 588.692	 164.727	 356.220	 13.413	 603.002	 -3.244
  46	 3717	 805.383	 299.452	 292.303	 18.672	 2329.527	 -3.252
  33	  813	 746.183	 272.582	 298.142	 17.879	 2318.582	 -3.253
  30	 1415	 952.046	 150.819	 260.204	 15.494	 392.900	 -3.263
  48	 3859	 818.850	 251.387	 310.214	 13.572	 458.389	 -3.289
   1	 1271	 615.776	 230.141	 318.745	 16.998	 1279.200	 -3.290
  39	  363	 973.473	 181.484	 252.089	 15.342	 289.116	 -3.295
   8	 2644	 836.329	 277.787	 295.600	 15.844	 1993.874	 -3.312
  31	 3690	 624.873	 292.415	 306.838	 18.790	 1601.419	 -3.325
  33	 3581	 980.582	 204.500	 284.798	 12.909	 305.015	 -3.384
  48	  836	 681.365	 175.747	 291.678	 10.420	 1107.378	 -3.406
  20	 3888	 892.557	 199.230	 309.463	 15.602	 1365.010	 -3.425
  31	 3500	 874.773	 166.092	 266.713	 15.271	 1231.523	 -3.457
  39	 3541	 727.077	 317.781	 275.801	 15.756	 746.938	 -3.473
  48	 3467	 826.015	 211.405	 249.511	 14.484	 1710.954	 -3.480
  30	 2804	 867.455	 109.281	 271.863	 9.676	 1713.013	 -3.532
  30	  470	 644.281	 159.148	 304.326	 10.290	 1496.968	 -3.552
  26	 3833	 555.105	 124.074	 352.197	 14.143	 647.467	 -3.570
  18	  420	 622.661	 209.930	 289.317	 15.527	 1796.660	 -3.570
   4	 1571	 535.782	 113.918	 319.491	 15.875	 558.505	 -3.580
  46	 2574	 681.171	 335.048	 288.202	 19.854	 4505.184	 -3.590
  21	 3790	 715.892	 264.833	 294.208	 16.355	 4564.413	 -3.591
  41	 1519	 828.813	 135.009	 281.976	 7.461	 3802.987	 -3.601
  33	 1105	 840.227	 235.487	 316.912	 13.834	 4232.147	 -3.607
  26	 2993	 670.973	 288.976	 287.041	 18.091	 3756.442	 -3.627
   1	  720	 865.572	 283.749	 310.471	 18.630	 4199.691	 -3.630
  21	 2864	 652.215	 291.918	 272.578	 16.549	 1789.627	 -3.635
  46	 1319	 756.926	 322.880	 301.698	 15.160	 1790.248	 -3.637
  30	 2594	 872.204	 129.281	 257.762	 12.322	 1364.951	 -3.639
  17	 3118	 639.643	 201.324	 384.954	 16.854	 827.908	 -3.657
   4	  241	 600.805	 297.938	 384.764	 18.352	 374.223	 -3.672
  17	 1421	 729.940	 107.054	 281.141	 7.105	 3087.292	 -3.680
   6	 3534	 826.551	 171.826	 324.281	 10.202	 4984.409	 -3.730
  30	  419	 621.304	 132.388	 262.274	 9.403	 1004.984	 -3.739
  29	  143	 534.278	 106.909	 363.980	 9.565	 581.179	 -3.751
  33	 2798	 902.780	 258.201	 241.360	 16.108	 102.741	 -3.763
  41	 3302	 652.952	 222.251	 351.572	 14.358	 2043.690	 -3.767
  33	 1051	 785.870	 132.591	 335.086	 8.717	 3683.680	 -3.771
  29	 2820	 920.796	 184.349	 314.855	 9.946	 4457.072	 -3.777
  46	 1199	 676.608	 363.646	 300.422	 17.194	 2536.398	 -3.781
  21	  198	 582.796	 123.143	 399.873	 12.280	 551.399	 -3.785
   8	 3883	 813.090	 105.222	 304.842	 17.921	 383.611	 -3.790
   1	 2045	 766.639	 453.622	 285.068	 19.114	 3725.310	 -3.837
  18	  935	 901.452	 314.108	 291.908	 13.974	 2693.389	 -3.837
  39	 1122	 758.991	 246.284	 256.680	 19.794	 2918.188	 -3.843
  42	 3860	 883.946	 428.441	 256.773	 18.608	 979.410	 -3.849
  42	  846	 658.375	 234.697	 304.574	 16.269	 4315.299	 -3.878
   1	 2035	 762.156	 453.786	 304.417	 18.796	 3472.372	 -3.892
  44	 1235	 810.652	 392.684	 350.628	 19.745	 2095.730	 -3.915
  30	  546	 652.056	 165.922	 302.979	 10.103	 2998.483	 -3.926
  42	 2898	 940.206	 164.662	 308.438	 14.670	 1861.811	 -3.937
  44	 2882	 839.398	 448.623	 257.695	 19.477	 4625.069	 -3.945
  20	 2103	 927.330	 218.461	 234.527	 12.938	 129.236	 -3.949
   4	 3227	 667.356	 413.199	 263.425	 18.073	 462.866	 -3.970
  18	 1332	 716.394	 196.428	 256.612	 11.934	 3937.185	 -3.981
  21	 2521	 890.096	 153.288	 258.869	 13.640	 2770.044	 -3.987
  36	 1026	 545.699	 340.855	 291.115	 17.779	 429.297	 -3.987
  48	 2050	 776.018	 194.123	 237.075	 16.866	 1784.669	 -4.005
  17	 1857	 720.914	 235.810	 328.767	 17.459	 4963.986	 -4.011
  33	 3136	 737.017	 197.230	 372.215	 12.559	 2319.265	 -4.022
  47	 3869	 634.919	 233.198	 367.793	 13.520	 1463.458	 -4.029
  39	 1113	 841.534	 281.000	 234.919	 19.374	 3704.961	 -4.046
   0	 2791	 657.772	 319.258	 372.382	 19.229	 2978.960	 -4.048
  41	 1422	 806.934	 175.213	 237.546	 12.437	 3301.913	 -4.060
   5	 3882	 826.334	 385.837	 244.075	 16.767	 232.798	 -4.065
  18	 1981	 720.281	 166.480	 400.026	 13.216	 918.615	 -4.071
  44	 2898	 873.776	 439.097	 266.067	 17.568	 4736.902	 -4.081
  26	 2425	 832.631	 407.282	 251.123	 16.675	 1145.692	 -4.111
  17	 1595	 775.796	 265.966	 348.979	 13.101	 4765.520	 -4.121
  17	 1592	 775.796	 265.966	 348.979	 13.101	 4765.520	 -4.121
   4	 3192	 568.257	 160.249	 270.839	 12.081	 1398.294	 -4.123
  48	 1936	 826.285	 129.904	 224.021	 9.866	 1585.874	 -4.129
   6	  474	 593.756	 289.107	 322.388	 14.063	 415.870	 -4.131
  16	 1419	 920.711	 230.552	 333.862	 18.605	 2216.038	 -4.138
  39	 3174	 825.536	 309.896	 289.493	 12.357	 2935.372	 -4.149
  30	 1968	 771.989	 127.679	 254.521	 6.455	 2730.878	 -4.153
  21	 3137	 619.964	 172.072	 364.065	 10.273	 1375.242	 -4.167
  33	  916	 872.027	 180.057	 327.499	 8.093	 4373.049	 -4.175
  37	 2503	 686.175	 384.939	 294.433	 15.014	 366.006	 -4.260
  37	 2505	 686.175	 384.939	 294.433	 15.014	 366.006	 -4.260
  18	 2534	 897.603	 483.870	 279.540	 17.166	 2348.043	 -4.284
  41	  784	 548.331	 243.045	 375.587	 15.746	 1287.521	 -4.332
  17	 3757	 637.411	 144.696	 305.250	 7.447	 180.166	 -4.354
  42	 1688	 634.686	 326.852	 305.554	 14.941	 4477.732	 -4.363
  44	 3408	 755.862	 418.878	 268.939	 15.742	 3009.914	 -4.391
  44	 2018	 862.005	 137.712	 352.414	 6.322	 3152.251	 -4.437
  44	 3907	 639.576	 216.484	 247.240	 14.353	 3367.948	 -4.445
  37	 2758	 610.457	 461.498	 285.856	 18.918	 2642.600	 -4.446
  36	 2620	 649.937	 415.040	 254.800	 17.644	 1916.897	 -4.508
  30	  809	 781.497	 113.233	 222.058	 6.897	 1896.382	 -4.514
   5	 1758	 821.973	 726.382	 282.095	 19.200	 115.673	 -4.517
  21	 3904	 618.679	 226.501	 268.417	 12.248	 3482.396	 -4.525
  39	 1866	 625.115	 258.974	 440.575	 17.036	 393.417	 -4.549
  36	  261	 445.387	 130.967	 438.614	 16.363	 105.096	 -4.551
  46	 3810	 636.074	 464.662	 349.237	 18.835	 3967.959	 -4.565
   7	 3228	 626.387	 374.380	 295.655	 15.330	 2031.947	 -4.583
  17	 1254	 733.421	 463.808	 326.205	 16.476	 3331.333	 -4.591
   5	 3529	 770.705	 421.513	 246.307	 16.185	 3691.298	 -4.611
   7	 2869	 567.612	 259.775	 292.865	 15.094	 4544.389	 -4.636
  36	  231	 445.973	 131.232	 438.999	 16.033	 102.866	 -4.643
   0	 3605	 842.045	 305.422	 347.557	 11.768	 706.093	 -4.665
   0	 3606	 842.045	 305.422	 347.557	 11.768	 706.093	 -4.665
  29	 3944	 704.362	 423.188	 403.165	 19.904	 169.961	 -4.670
  29	 1565	 502.684	 407.863	 354.322	 19.665	 469.195	 -4.673
   1	  979	 677.763	 523.788	 338.045	 17.617	 157.686	 -4.694
   4	  489	 873.706	 189.439	 383.006	 12.850	 3518.543	 -4.711
  20	  805	 703.434	 142.235	 419.343	 9.560	 1551.238	 -4.716
   5	 3209	 962.074	 341.193	 373.093	 19.844	 719.268	 -4.736
   7	 3077	 818.440	 603.128	 307.103	 17.973	 2314.349	 -4.738
  16	  337	 761.874	 201.271	 380.267	 9.037	 616.767	 -4.751
  31	 1454	 853.687	 132.444	 352.381	 5.385	 1837.766	 -4.804
  18	 3368	 896.616	 342.877	 222.806	 13.876	 474.280	 -4.806
   1	 2645	 614.604	 290.485	 224.371	 17.292	 1466.396	 -4.809
  44	  643	 675.613	 382.646	 357.554	 15.158	 3264.813	 -4.819
   8	 1464	 524.141	 227.589	 242.719	 15.049	 858.986	 -4.827
  42	 2611	 964.111	 542.755	 280.397	 15.876	 2073.854	 -4.832
  29	  522	 796.386	 573.148	 302.910	 17.024	 3353.586	 -4.832
   5	  793	 916.183	 300.845	 210.641	 17.076	 4444.398	 -4.840
  20	 2016	 926.997	 274.482	 288.670	 8.821	 634.465	 -4.840
   6	 2103	 981.913	 482.278	 316.174	 15.841	 1707.536	 -4.858
  26	 1832	 638.892	 302.327	 368.464	 13.476	 3277.193	 -4.896
  33	 1631	 829.143	 515.320	 368.020	 19.325	 2609.065	 -4.896
  46	 3519	 737.616	 233.128	 375.562	 9.893	 1729.748	 -4.927
  34	 2150	 901.160	 797.862	 277.944	 18.438	 572.684	 -4.947
   4	 3946	 552.460	 441.596	 366.666	 19.994	 4279.120	 -4.955
  34	 3516	 612.357	 409.242	 320.060	 15.727	 3625.610	 -4.974
  34	 2133	 931.788	 876.150	 273.309	 18.243	 265.093	 -4.978
  21	 3708	 821.877	 158.035	 206.207	 15.164	 1343.873	 -4.979
  44	 3708	 657.838	 203.102	 410.939	 16.040	 2607.327	 -4.987
  46	 1812	 854.060	 668.971	 317.566	 18.576	 4533.247	 -5.008
  42	 2442	 556.487	 208.270	 362.688	 19.195	 2463.343	 -5.011
  44	 1795	 984.186	 771.687	 288.694	 19.487	 3939.697	 -5.055
   5	 3495	 599.707	 550.187	 298.024	 18.778	 2808.531	 -5.066
  46	 3269	 651.566	 202.301	 306.480	 8.397	 179.764	 -5.067
  26	 1980	 877.535	 879.156	 298.970	 19.478	 1779.998	 -5.098
  36	 1883	 873.490	 139.896	 293.392	 14.752	 4516.640	 -5.105
  16	 2354	 953.031	 850.863	 262.100	 19.075	 1835.981	 -5.109
   1	 3183	 689.716	 506.585	 363.037	 17.538	 4027.448	 -5.116
  41	 1562	 823.462	 101.847	 208.789	 6.432	 3448.020	 -5.121
   6	 2703	 897.682	 600.118	 264.246	 15.619	 4343.744	 -5.177
  34	 3258	 851.918	 787.496	 302.795	 17.466	 854.942	 -5.206
  36	 1100	 902.851	 507.480	 359.484	 17.089	 448.674	 -5.208
  34	 2823	 842.877	 672.176	 294.391	 16.085	 1547.073	 -5.244
   8	 2253	 574.542	 274.467	 453.077	 18.206	 1192.898	 -5.246
  44	 3151	 973.461	 412.382	 257.569	 11.508	 4478.883	 -5.250
   1	  890	 882.903	 661.149	 312.658	 16.727	 2877.443	 -5.250
  29	 1958	 729.997	 328.269	 334.218	 11.102	 2856.843	 -5.266
  39	 3453	 694.890	 547.641	 303.153	 16.009	 3637.969	 -5.288
  41	 2793	 829.890	 528.193	 355.288	 16.291	 1860.662	 -5.294
  18	 3872	 752.241	 405.016	 326.429	 12.573	 3235.254	 -5.308
   4	 2187	 681.715	 241.069	 403.624	 11.316	 4861.962	 -5.316
  48	 2944	 600.715	 467.299	 388.270	 17.556	 374.806	 -5.316
   7	 3959	 595.659	 174.602	 385.566	 15.804	 2958.725	 -5.344
   0	 3572	 993.092	 445.585	 331.199	 13.563	 2711.709	 -5.356
  37	 3283	 722.282	 793.664	 348.557	 19.880	 1364.620	 -5.388
  33	 3902	 867.934	 935.153	 314.843	 18.796	 2371.925	 -5.388
  34	 2572	 953.120	 947.383	 260.648	 15.842	 491.059	 -5.396
  36	 3281	 839.859	 895.746	 290.740	 16.848	 1452.578	 -5.426
  31	  686	 612.398	 128.470	 380.261	 10.501	 4486.743	 -5.429
  44	 3393	 891.191	 416.240	 268.874	 11.129	 4927.695	 -5.434
   5	 2197	 810.683	 331.783	 407.315	 13.691	 635.132	 -5.447
  30	 3093	 971.088	 170.233	 404.054	 10.762	 2339.116	 -5.457
   4	  903	 612.550	 152.743	 234.997	 16.790	 1956.823	 -5.476
  34	 2825	 869.920	 787.469	 288.999	 15.750	 1553.357	 -5.477
  20	 2568	 769.364	 529.114	 377.054	 16.900	 4310.746	 -5.547
  42	 3737	 726.059	 957.802	 340.570	 17.294	 134.863	 -5.566
  34	 2591	 918.132	 885.327	 264.076	 14.818	 845.303	 -5.578
  46	 1597	 970.422	 298.899	 315.888	 8.207	 2078.973	 -5.597
   5	  931	 934.936	 239.813	 191.801	 18.354	 1886.619	 -5.597
  18	 1349	 799.564	 120.032	 209.552	 11.569	 3007.400	 -5.602
  41	  345	 952.479	 596.989	 295.792	 12.405	 377.103	 -5.608
  18	  661	 831.605	 795.426	 300.891	 15.711	 1860.084	 -5.613
  26	 2166	 779.086	 980.732	 306.452	 17.165	 2491.658	 -5.635
  34	  588	 724.364	 423.111	 216.426	 16.664	 4590.409	 -5.637
   4	  277	 407.848	 264.060	 382.914	 19.588	 693.029	 -5.642
  46	 3648	 737.483	 159.431	 357.102	 5.827	 3219.553	 -5.659
  30	 2676	 866.309	 380.469	 200.626	 16.377	 2350.502	 -5.670
  20	 2237	 644.509	 716.920	 331.245	 18.398	 2173.646	 -5.681
  18	 3655	 725.042	 442.096	 303.725	 12.393	 3001.877	 -5.697
  47	 3429	 662.902	 457.824	 413.174	 17.512	 4670.003	 -5.714
  48	 2920	 559.313	 401.269	 435.588	 18.015	 523.625	 -5.724
  42	 1850	 626.349	 296.374	 369.820	 11.584	 4655.652	 -5.732
  47	 1022	 928.403	 973.420	 264.183	 11.193	 102.052	 -5.757
  20	 2075	 880.798	 207.133	 183.070	 16.156	 566.355	 -5.786
   6	 2400	 803.579	 809.042	 368.098	 19.965	 4919.180	 -5.835
   6	 1900	 956.372	 997.126	 340.935	 19.656	 2496.020	 -5.881
  48	 2698	 770.757	 165.401	 454.315	 9.441	 2723.050	 -5.889
  34	  210	 820.620	 367.494	 382.017	 11.930	 107.331	 -5.890
  46	 1419	 869.614	 420.445	 374.805	 12.644	 791.560	 -5.917
  42	 3711	 754.276	 981.916	 354.156	 16.725	 260.462	 -5.950
   8	 1856	 856.935	 912.977	 309.519	 14.454	 4733.111	 -5.974
  18	 3597	 845.325	 878.360	 305.408	 13.933	 4813.705	 -6.047
  29	 2328	 902.251	 828.866	 348.072	 16.349	 1020.076	 -6.060
   8	 1878	 884.613	 915.151	 330.405	 15.159	 4200.732	 -6.091
   7	 2517	 554.984	 166.641	 470.130	 10.013	 326.074	 -6.142
  41	 2509	 592.026	 167.707	 443.916	 14.047	 2882.734	 -6.146
   5	 1440	 560.030	 405.256	 277.630	 14.489	 4582.566	 -6.208
  48	 3037	 828.787	 725.712	 363.551	 16.155	 2215.593	 -6.210
   8	 1483	 666.610	 172.431	 224.635	 7.213	 195.787	 -6.248
  37	  209	 312.514	 102.770	 223.548	 19.491	 139.336	 -6.317
  48	 2769	 542.878	 408.552	 423.283	 16.834	 2241.128	 -6.372
  20	   82	 372.131	 209.636	 235.080	 19.421	 426.865	 -6.428
  44	 1577	 918.792	 294.743	 358.296	 7.691	 3661.377	 -6.476
  37	 3681	 619.407	 942.541	 264.044	 17.553	 2153.881	 -6.614
   5	 2807	 515.530	 150.546	 427.621	 12.262	 3215.036	 -6.721
  20	 2462	 831.605	 879.878	 375.073	 15.557	 3649.384	 -6.778
  17	  128	 353.477	 169.790	 226.205	 19.423	 405.490	 -6.853
  16	 2137	 896.098	 906.081	 311.814	 7.999	 4530.617	 -6.875
   8	 3056	 812.996	 586.520	 441.235	 18.441	 2828.723	 -6.960
  21	   91	 359.514	 108.601	 339.123	 14.545	 710.976	 -6.962
  41	 2802	 946.082	 626.925	 397.537	 15.643	 1969.310	 -7.001
  17	 2704	 876.680	 120.294	 485.887	 8.314	 2049.650	 -7.072
  41	 1452	 914.176	 106.377	 198.688	 12.973	 4215.570	 -7.072
  33	 1574	 969.589	 687.057	 403.848	 17.449	 3983.694	 -7.189
  34	 2952	 834.551	 938.259	 299.123	 6.450	 1204.661	 -7.281
  42	 1220	 634.849	 299.873	 503.727	 13.328	 655.550	 -7.311
  39	 3240	 859.541	 456.814	 278.108	 6.881	 4457.069	 -7.436
   1	 1716	 767.353	 290.259	 513.816	 14.383	 2051.068	 -7.508
   0	 2994	 859.716	 329.070	 431.227	 9.546	 2927.200	 -7.540
  26	 1641	 862.072	 797.714	 224.149	 7.732	 1403.272	 -7.704
  47	  826	 856.058	 726.241	 222.046	 8.620	 2426.818	 -7.748
  44	  749	 612.286	 530.044	 453.164	 15.109	 825.162	 -7.879
  20	 1788	 889.738	 832.165	 184.386	 16.247	 1134.752	 -7.910
  29	 1583	 498.443	 418.766	 376.611	 12.977	 319.754	 -8.221
  36	  855	 935.847	 956.201	 382.694	 5.811	 1558.521	 -8.298
  18	  165	 982.354	 466.095	 390.004	 5.879	 843.826	 -8.809
  20	  846	 801.471	 153.581	 495.726	 4.532	 2442.752	 -9.515
  16	 2842	 874.041	 874.714	 487.206	 16.622	 2458.377	 -9.527
  47	 3784	 784.659	 287.109	 360.345	 4.289	 1207.909	 -9.599
   6	  174	 539.589	 914.908	 313.766	 7.718	 568.404	 -11.612
  44	   28	 258.053	 363.614	 152.268	 18.659	 171.140	 -20.159
  22	  694	 5.668	 135.249	 126.356	 122.781	 551.507	 -inf
  32	  566	 376.025	 93.935	 -91.350	 -127.757	 422.214	 -inf
  19	 3249	 182.582	 146.116	 32.402	 151.013	 592.002	 -inf
  28	 3297	 152.463	 147.761	 47.811	 129.453	 312.684	 -inf
  13	  364	 194.881	 27.440	 63.223	 36.402	 420.273	 -inf
  12	 1304	 338.878	 33.866	 453.086	 132.458	 565.458	 -inf
  28	 1255	 152.463	 147.761	 47.811	 129.453	 312.684	 -inf
  45	 2742	 59.767	 145.112	 80.508	 101.541	 388.513	 -inf
  10	 3184	 116.983	 11.942	 122.090	 212.285	 501.335	 -inf
  49	  628	 -23.709	 -10.771	 148.228	 -121.939	 505.712	 -inf
   3	 2825	 226.247	 127.650	 76.673	 133.600	 654.336	 -inf
  27	  252	 182.454	 6.609	 96.698	 -92.656	 676.796	 -inf
  49	 3690	 -23.709	 -10.771	 148.228	 -121.939	 505.712	 -inf
   0	 2178	 -79.308	 293.753	 186.633	 -54.459	 705.117	 -inf
  38	 1878	 83.983	 235.011	 116.872	 88.654	 414.854	 -inf
  23	 2474	 -78.253	 158.465	 182.427	 52.186	 453.133	 -inf
  15	  940	 319.269	 76.206	 265.529	 93.817	 612.233	 -inf
  27	  960	 182.454	 6.609	 96.698	 -92.656	 676.796	 -inf
  32	  896	 376.025	 93.935	 -91.350	 -127.757	 422.214	 -inf
  23	 3529	 -78.253	 158.465	 182.427	 52.186	 453.133	 -inf
   2	 1552	 279.503	 62.556	 163.405	 170.205	 528.475	 -inf
  32	 2091	 376.025	 93.935	 -91.350	 -127.757	 422.214	 -inf
  19	  568	 182.582	 146.116	 32.402	 151.013	 592.002	 -inf
  24	 3641	 285.328	 58.697	 333.472	 106.438	 713.783	 -inf
  48	   49	 158.515	 145.195	 -7.916	 -32.863	 552.888	 -inf
  24	 3782	 285.328	 58.697	 333.472	 106.438	 713.783	 -inf
  28	    3	 152.463	 147.761	 47.811	 129.453	 312.684	 -inf
  32	 3503	 376.025	 93.935	 -91.350	 -127.757	 422.214	 -inf
  14	 2072	 228.268	 17.390	 212.108	 145.612	 429.416	 -inf
  23	 3496	 -78.253	 158.465	 182.427	 52.186	 453.133	 -inf
  15	 1756	 319.269	 76.206	 265.529	 93.817	 612.233	 -inf
  49	 3169	 -23.709	 -10.771	 148.228	 -121.939	 505.712	 -inf
  32	 3087	 376.025	 93.935	 -91.350	 -127.757	 422.214	 -inf
   9	 1183	 278.477	 4.457	 208.591	 256.578	 352.884	 -inf
  24	 3335	 285.328	 58.697	 333.472	 106.438	 713.783	 -inf
  26	  589	 46.121	 55.210	 211.799	 31.582	 488.401	 -inf
  45	 2112	 59.767	 145.112	 80.508	 101.541	 388.513	 -inf
  43	 3582	 376.534	 187.097	 99.154	 127.742	 488.123	 -inf
  23	  740	 -78.253	 158.465	 182.427	 52.186	 453.133	 -inf
  25	 3068	 121.447	 -75.593	 221.479	 135.270	 503.536	 -inf
  12	 3668	 338.878	 33.866	 453.086	 132.458	 565.458	 -inf
  43	 2829	 376.534	 187.097	 99.154	 127.742	 488.123	 -inf
  45	  172	 59.767	 145.112	 80.508	 101.541	 388.513	 -inf
  27	 1259	 182.454	 6.609	 96.698	 -92.656	 676.796	 -inf
  12	 2057	 338.878	 33.866	 453.086	 132.458	 565.458	 -inf
   7	  114	 217.719	 -11.647	 158.093	 31.342	 494.318	 -inf
  35	 3385	 235.017	 101.716	 107.086	 170.846	 611.570	 -inf
  32	 2708	 376.025	 93.935	 -91.350	 -127.757	 422.214	 -inf
  15	 3052	 319.269	 76.206	 265.529	 93.817	 612.233	 -inf
  22	 3850	 5.668	 135.249	 126.356	 122.781	 551.507	 -inf
  28	 3577	 152.463	 147.761	 47.811	 129.453	 312.684	 -inf
  35	 2346	 235.017	 101.716	 107.086	 170.846	 611.570	 -inf
  49	  877	 -23.709	 -10.771	 148.228	 -121.939	 505.712	 -inf
  19	 2788	 182.582	 146.116	 32.402	 151.013	 592.002	 -inf
  10	 2759	 116.983	 11.942	 122.090	 212.285	 501.335	 -inf
  35	  836	 235.017	 101.716	 107.086	 170.846	 611.570	 -inf
  22	 1630	 5.668	 135.249	 126.356	 122.781	 551.507	 -inf
  19	 2356	 182.582	 146.116	 32.402	 151.013	 592.002	 -inf
  49	 1675	 -23.709	 -10.771	 148.228	 -121.939	 505.712	 -inf
  25	 1064	 121.447	 -75.593	 221.479	 135.270	 503.536	 -inf
  22	  327	 5.668	 135.249	 126.356	 122.781	 551.507	 -inf
  13	 1717	 194.881	 27.440	 63.223	 36.402	 420.273	 -inf
   0	 1046	 -79.308	 293.753	 186.633	 -54.459	 705.117	 -inf
  40	  308	 267.440	 27.761	 259.900	 -40.163	 417.753	 -inf
  28	 2680	 152.463	 147.761	 47.811	 129.453	 312.684	 -inf
  13	   96	 194.881	 27.440	 63.223	 36.402	 420.273	 -inf
   3	 1681	 226.247	 127.650	 76.673	 133.600	 654.336	 -inf
  11	 3690	 130.531	 162.180	 90.020	 162.341	 530.527	 -inf
   0	  243	 -79.308	 293.753	 186.633	 -54.459	 705.117	 -inf
  22	 1881	 5.668	 135.249	 126.356	 122.781	 551.507	 -inf
  19	  527	 182.582	 146.116	 32.402	 151.013	 592.002	 -inf
  43	 3882	 376.534	 187.097	 99.154	 127.742	 488.123	 -inf
  14	  416	 228.268	 17.390	 212.108	 145.612	 429.416	 -inf
  25	 1732	 121.447	 -75.593	 221.479	 135.270	 503.536	 -inf
  28	  393	 152.463	 147.761	 47.811	 129.453	 312.684	 -inf
   2	 2835	 279.503	 62.556	 163.405	 170.205	 528.475	 -inf
  15	 3654	 319.269	 76.206	 265.529	 93.817	 612.233	 -inf
   9	   71	 278.477	 4.457	 208.591	 256.578	 352.884	 -inf
  14	  416	 228.268	 17.390	 212.108	 145.612	 429.416	 -inf
  13	 3661	 194.881	 27.440	 63.223	 36.402	 420.273	 -inf
  28	 1396	 152.463	 147.761	 47.811	 129.453	 312.684	 -inf
  34	   18	 162.520	 25.003	 355.462	 55.341	 452.084	 -inf
  24	 1395	 285.328	 58.697	 333.472	 106.438	 713.783	 -inf
  38	 1812	 83.983	 235.011	 116.872	 88.654	 414.854	 -inf
  14	 2147	 228.268	 17.390	 212.108	 145.612	 429.416	 -inf
   3	 1058	 226.247	 127.650	 76.673	 133.600	 654.336	 -inf
  43	 2173	 376.534	 187.097	 99.154	 127.742	 488.123	 -inf
  43	 3268	 376.534	 187.097	 99.154	 127.742	 488.123	 -inf
  26	  776	 46.121	 55.210	 211.799	 31.582	 488.401	 -inf
  26	  988	 46.121	 55.210	 211.799	 31.582	 488.401	 -inf
  23	 1476	 -78.253	 158.465	 182.427	 52.186	 453.133	 -inf
  40	  936	 267.440	 27.761	 259.900	 -40.163	 417.753	 -inf
  17	   83	 5.741	 -150.644	 -61.416	 8.836	 627.853	 -inf
  13	 1360	 194.881	 27.440	 63.223	 36.402	 420.273	 -inf
  14	 3906	 228.268	 17.390	 212.108	 145.612	 429.416	 -inf
  24	 1378	 285.328	 58.697	 333.472	 106.438	 713.783	 -inf
  40	  600	 267.440	 27.761	 259.900	 -40.163	 417.753	 -inf
  46	  569	 123.269	 167.457	 296.089	 109.247	 619.783	 -inf
  23	  636	 -78.253	 158.465	 182.427	 52.186	 453.133	 -inf
  10	 3346	 116.983	 11.942	 122.090	 212.285	 501.335	 -inf
  14	 2181	 228.268	 17.390	 212.108	 145.612	 429.416	 -inf
  19	  193	 182.582	 146.116	 32.402	 151.013	 592.002	 -inf
  40	 1178	 267.440	 27.761	 259.900	 -40.163	 417.753	 -inf
  25	 3732	 121.447	 -75.593	 221.479	 135.270	 503.536	 -inf
   9	 1403	 278.477	 4.457	 208.591	 256.578	 352.884	 -inf
  45	 2315	 59.767	 145.112	 80.508	 101.541	 388.513	 -inf
  15	 2465	 319.269	 76.206	 265.529	 93.817	 612.233	 -inf
  38	 3718	 83.983	 235.011	 116.872	 88.654	 414.854	 -inf
  10	  570	 116.983	 11.942	 122.090	 212.285	 501.335	 -inf
  22	 2764	 5.668	 135.249	 126.356	 122.781	 551.507	 -inf
  38	 2919	 83.983	 235.011	 116.872	 88.654	 414.854	 -inf
  14	 1071	 228.268	 17.390	 212.108	 145.612	 429.416	 -inf
   0	 1200	 -79.308	 293.753	 186.633	 -54.459	 705.117	 -inf
  13	  388	 194.881	 27.440	 63.223	 36.402	 420.273	 -inf
  32	 2327	 376.025	 93.935	 -91.350	 -127.757	 422.214	 -inf
  12	  534	 338.878	 33.866	 453.086	 132.458	 565.458	 -inf
  48	  206	 158.515	 145.195	 -7.916	 -32.863	 552.888	 -inf
   7	  904	 217.719	 -11.647	 158.093	 31.342	 494.318	 -inf
  11	  927	 130.531	 162.180	 90.020	 162.341	 530.527	 -inf
  15	   37	 319.269	 76.206	 265.529	 93.817	 612.233	 -inf
  23	 1324	 -78.253	 158.465	 182.427	 52.186	 453.133	 -inf
   9	 1521	 278.477	 4.457	 208.591	 256.578	 352.884	 -inf
  23	 2970	 -78.253	 158.465	 182.427	 52.186	 453.133	 -inf
  10	 1377	 116.983	 11.942	 122.090	 212.285	 501.335	 -inf
  19	 2346	 182.582	 146.116	 32.402	 151.013	 592.002	 -inf
   3	 2313	 226.247	 127.650	 76.673	 133.600	 654.336	 -inf
  40	  715	 267.440	 27.761	 259.900	 -40.163	 417.753	 -inf
  49	  650	 -23.709	 -10.771	 148.228	 -121.939	 505.712	 -inf
  24	 1438	 285.328	 58.697	 333.472	 106.438	 713.783	 -inf
  22	 3734	 5.668	 135.249	 126.356	 122.781	 551.507	 -inf
  32	 3445	 376.025	 93.935	 -91.350	 -127.757	 422.214	 -inf
  12	 1034	 338.878	 33.866	 453.086	 132.458	 565.458	 -inf
   9	 2704	 278.477	 4.457	 208.591	 256.578	 352.884	 -inf
   3	 3123	 226.247	 127.650	 76.673	 133.600	 654.336	 -inf
  25	 1188	 121.447	 -75.593	 221.479	 135.270	 503.536	 -inf
  10	 2627	 116.983	 11.942	 122.090	 212.285	 501.335	 -inf
   3	 1719	 226.247	 127.650	 76.673	 133.600	 654.336	 -inf
  32	 1192	 376.025	 93.935	 -91.350	 -127.757	 422.214	 -inf
  24	  744	 285.328	 58.697	 333.472	 106.438	 713.783	 -inf
  23	 1669	 -78.253	 158.465	 182.427	 52.186	 453.133	 -inf
  38	  810	 83.983	 235.011	 116.872	 88.654	 414.854	 -inf
  25	  870	 121.447	 -75.593	 221.479	 135.270	 503.536	 -inf
  35	 3267	 235.017	 101.716	 107.086	 170.846	 611.570	 -inf
   0	  379	 -79.308	 293.753	 186.633	 -54.459	 705.117	 -inf
  35	 2310	 235.017	 101.716	 107.086	 170.846	 611.570	 -inf
   9	 3040	 278.477	 4.457	 208.591	 256.578	 352.884	 -inf
   5	  118	 323.225	 74.582	 289.984	 -28.191	 456.249	 -inf
  22	 3750	 5.668	 135.249	 126.356	 122.781	 551.507	 -inf
  35	 2878	 235.017	 101.716	 107.086	 170.846	 611.570	 -inf
  10	 2482	 116.983	 11.942	 122.090	 212.285	 501.335	 -inf
  11	  409	 130.531	 162.180	 90.020	 162.341	 530.527	 -inf
  12	 1966	 338.878	 33.866	 453.086	 132.458	 565.458	 -inf
  40	 1237	 267.440	 27.761	 259.900	 -40.163	 417.753	 -inf
  35	 2055	 235.017	 101.716	 107.086	 170.846	 611.570	 -inf
  24	 3997	 285.328	 58.697	 333.472	 106.438	 713.783	 -inf
  38	 3643	 83.983	 235.011	 116.872	 88.654	 414.854	 -inf
  35	 2589	 235.017	 101.716	 107.086	 170.846	 611.570	 -inf
  12	 1776	 338.878	 33.866	 453.086	 132.458	 565.458	 -inf
  43	 1659	 376.534	 187.097	 99.154	 127.742	 488.123	 -inf
  45	 1276	 59.767	 145.112	 80.508	 101.541	 388.513	 -inf
  40	  289	 267.440	 27.761	 259.900	 -40.163	 417.753	 -inf
  35	 1954	 235.017	 101.716	 107.086	 170.846	 611.570	 -inf
  32	  595	 376.025	 93.935	 -91.350	 -127.757	 422.214	 -inf
  45	   22	 59.767	 145.112	 80.508	 101.541	 388.513	 -inf
  28	 3356	 152.463	 147.761	 47.811	 129.453	 312.684	 -inf
  40	 1847	 267.440	 27.761	 259.900	 -40.163	 417.753	 -inf
  28	 3999	 152.463	 147.761	 47.811	 129.453	 312.684	 -inf
  19	 2046	 182.582	 146.116	 32.402	 151.013	 592.002	 -inf
  28	  163	 152.463	 147.761	 47.811	 129.453	 312.684	 -inf
  12	  160	 338.878	 33.866	 453.086	 132.458	 565.458	 -inf
  40	  306	 267.440	 27.761	 259.900	 -40.163	 417.753	 -inf
  28	 3520	 152.463	 147.761	 47.811	 129.453	 312.684	 -inf
  47	   12	 370.459	 204.009	 58.156	 39.466	 563.020	 -inf
   9	 2099	 278.477	 4.457	 208.591	 256.578	 352.884	 -inf
  14	 3416	 228.268	 17.390	 212.108	 145.612	 429.416	 -inf
  38	 2388	 83.983	 235.011	 116.872	 88.654	 414.854	 -inf
   3	 1237	 226.247	 127.650	 76.673	 133.600	 654.336	 -inf
   7	  735	 217.719	 -11.647	 158.093	 31.342	 494.318	 -inf
  49	 2302	 -23.709	 -10.771	 148.228	 -121.939	 505.712	 -inf
   3	 2535	 226.247	 127.650	 76.673	 133.600	 654.336	 -inf
   2	  147	 279.503	 62.556	 163.405	 170.205	 528.475	 -inf
   0	 2189	 -79.308	 293.753	 186.633	 -54.459	 705.117	 -inf
  43	 3316	 376.534	 187.097	 99.154	 127.742	 488.123	 -inf
  22	 2923	 5.668	 135.249	 126.356	 122.781	 551.507	 -inf
  12	   15	 338.878	 33.866	 453.086	 132.458	 565.458	 -inf
  40	 2953	 267.440	 27.761	 259.900	 -40.163	 417.753	 -inf
   2	  642	 279.503	 62.556	 163.405	 170.205	 528.475	 -inf
  12	 3620	 338.878	 33.866	 453.086	 132.458	 565.458	 -inf
   3	 3917	 226.247	 127.650	 76.673	 133.600	 654.336	 -inf
  28	 3557	 152.463	 147.761	 47.811	 129.453	 312.684	 -inf
  25	  571	 121.447	 -75.593	 221.479	 135.270	 503.536	 -inf
  45	 2961	 59.767	 145.112	 80.508	 101.541	 388.513	 -inf
  23	  529	 -78.253	 158.465	 182.427	 52.186	 453.133	 -inf
  13	 2575	 194.881	 27.440	 63.223	 36.402	 420.273	 -inf
  28	 2088	 152.463	 147.761	 47.811	 129.453	 312.684	 -inf
   9	 2122	 278.477	 4.457	 208.591	 256.578	 352.884	 -inf
  49	 2700	 -23.709	 -10.771	 148.228	 -121.939	 505.712	 -inf
  40	 1267	 267.440	 27.761	 259.900	 -40.163	 417.753	 -inf
   9	 2348	 278.477	 4.457	 208.591	 256.578	 352.884	 -inf
  23	 3639	 -78.253	 158.465	 182.427	 52.186	 453.133	 -inf
  19	 2896	 182.582	 146.116	 32.402	 151.013	 592.002	 -inf
   0	  690	 -79.308	 293.753	 186.633	 -54.459	 705.117	 -inf
  14	 1961	 228.268	 17.390	 212.108	 145.612	 429.416	 -inf
  14	 3574	 228.268	 17.390	 212.108	 145.612	 429.416	 -inf
  49	 2135	 -23.709	 -10.771	 148.228	 -121.939	 505.712	 -inf
  12	 3984	 338.878	 33.866	 453.086	 132.458	 565.458	 -inf
   3	 2089	 226.247	 127.650	 76.673	 133.600	 654.336	 -inf
  28	  814	 152.463	 147.761	 47.811	 129.453	 312.684	 -inf
  22	 3462	 5.668	 135.249	 126.356	 122.781	 551.507	 -inf
  38	  707	 83.983	 235.011	 116.872	 88.654	 414.854	 -inf
  19	 1742	 182.582	 146.116	 32.402	 151.013	 592.002	 -inf
  13	 1965	 194.881	 27.440	 63.223	 36.402	 420.273	 -inf
  19	 1209	 182.582	 146.116	 32.402	 151.013	 592.002	 -inf
  27	 2292	 182.454	 6.609	 96.698	 -92.656	 676.796	 -inf
  38	 3798	 83.983	 235.011	 116.872	 88.654	 414.854	 -inf
  25	 3127	 121.447	 -75.593	 221.479	 135.270	 503.536	 -inf
   9	 2553	 278.477	 4.457	 208.591	 256.578	 352.884	 -inf
  32	  717	 376.025	 93.935	 -91.350	 -127.757	 422.214	 -inf
  43	  423	 376.534	 187.097	 99.154	 127.742	 488.123	 -inf
  11	 1743	 130.531	 162.180	 90.020	 162.341	 530.527	 -inf
  32	 2101	 376.025	 93.935	 -91.350	 -127.757	 422.214	 -inf
  43	 2524	 376.534	 187.097	 99.154	 127.742	 488.123	 -inf
  13	 1348	 194.881	 27.440	 63.223	 36.402	 420.273	 -inf
  23	  900	 -78.253	 158.465	 182.427	 52.186	 453.133	 -inf
  17	   35	 5.741	 -150.644	 -61.416	 8.836	 627.853	 -inf
  11	  755	 130.531	 162.180	 90.020	 162.341	 530.527	 -inf
  23	  389	 -78.253	 158.465	 182.427	 52.186	 453.133	 -inf
  22	 3223	 5.668	 135.249	 126.356	 122.781	 551.507	 -inf
  19	  457	 182.582	 146.116	 32.402	 151.013	 592.002	 -inf
  43	 2496	 376.534	 187.097	 99.154	 127.742	 488.123	 -inf
  23	 2914	 -78.253	 158.465	 182.427	 52.186	 453.133	 -inf
  35	 3064	 235.017	 101.716	 107.086	 170.846	 611.570	 -inf
  15	 1086	 319.269	 76.206	 265.529	 93.817	 612.233	 -inf
  14	  128	 228.268	 17.390	 212.108	 145.612	 429.416	 -inf
  28	 3879	 152.463	 147.761	 47.811	 129.453	 312.684	 -inf
  28	  422	 152.463	 147.761	 47.811	 129.453	 312.684	 -inf
  32	   37	 376.025	 93.935	 -91.350	 -127.757	 422.214	 -inf
