  46	 3810	 773.668	 553.679	 231.338	 18.993	 100.033	 -69.036
   1	 2645	 770.051	 549.991	 245.473	 19.923	 100.203	 -69.083
  20	 2462	 580.171	 285.228	 247.402	 18.224	 100.290	 -69.100
  16	 2354	 654.341	 368.101	 238.151	 19.036	 100.388	 -69.103
  48	 1936	 650.088	 439.342	 259.501	 17.744	 100.258	 -69.179
   6	 2703	 630.901	 415.826	 247.630	 18.676	 100.707	 -69.237
  46	 1319	 591.109	 189.863	 256.759	 15.143	 100.277	 -69.324
  48	 2050	 816.416	 550.867	 240.682	 18.199	 100.242	 -69.327
  20	 2568	 592.756	 249.859	 229.765	 17.444	 100.275	 -69.433
   4	 2603	 660.067	 354.202	 250.637	 18.717	 100.982	 -69.442
   1	  979	 801.404	 818.014	 261.886	 18.593	 100.342	 -69.452
   4	 3227	 944.512	 901.786	 225.420	 17.922	 101.319	 -69.463
   4	 3192	 967.359	 933.844	 230.601	 17.069	 101.074	 -69.472
  41	 2793	 625.720	 232.813	 266.004	 13.175	 100.433	 -69.482
  29	 2328	 898.251	 990.965	 245.521	 17.641	 100.984	 -69.489
  31	 2377	 774.843	 786.851	 232.657	 19.354	 101.370	 -69.515
   5	 3882	 707.168	 374.420	 263.901	 16.734	 100.590	 -69.522
  41	 2802	 663.213	 237.763	 269.329	 12.799	 100.441	 -69.577
  30	 1415	 607.843	 376.183	 272.396	 17.542	 100.830	 -69.586
  29	 1958	 601.758	 244.220	 221.137	 15.939	 100.078	 -69.587
  48	 3859	 833.504	 569.522	 230.694	 16.599	 100.408	 -69.604
   1	 2035	 766.324	 248.471	 247.840	 11.479	 100.136	 -69.610
  46	 1199	 568.771	 140.896	 243.546	 14.447	 100.059	 -69.628
   1	 2045	 767.274	 237.329	 249.912	 10.788	 100.068	 -69.649
  37	 2503	 686.018	 371.567	 263.186	 16.126	 100.886	 -69.675
  37	 2505	 686.018	 371.567	 263.186	 16.126	 100.886	 -69.675
  20	  846	 715.190	 582.732	 227.624	 17.329	 100.308	 -69.700
  42	 3737	 772.704	 498.776	 257.104	 17.829	 100.820	 -69.707
  29	 3440	 638.766	 284.180	 249.251	 13.517	 100.596	 -69.743
  21	 3904	 729.439	 177.100	 236.770	 9.576	 100.506	 -69.754
  48	 2944	 525.957	 254.797	 297.316	 19.368	 100.290	 -69.769
  21	 3790	 585.235	 155.631	 229.006	 13.366	 100.355	 -69.800
  39	 3453	 904.689	 719.237	 255.781	 17.627	 100.384	 -69.822
  39	 1122	 704.189	 337.400	 257.748	 19.900	 100.696	 -69.827
  39	 1113	 704.189	 337.400	 257.748	 19.900	 100.696	 -69.827
  20	 3888	 768.689	 158.436	 266.086	 8.294	 100.072	 -69.863
   5	  931	 643.678	 596.489	 244.959	 18.683	 101.121	 -69.872
  33	 3136	 632.794	 360.080	 228.936	 18.551	 101.449	 -69.894
   4	 2187	 989.620	 973.349	 236.453	 15.813	 101.397	 -69.932
  48	 3037	 554.216	 398.258	 269.430	 18.050	 100.894	 -69.939
  31	 3690	 625.924	 218.940	 290.288	 12.808	 100.580	 -69.969
   1	 1278	 789.972	 933.278	 235.796	 19.907	 103.101	 -69.976
   8	 1483	 914.512	 805.941	 223.806	 18.332	 102.158	 -69.986
   8	 1464	 882.185	 856.589	 221.348	 19.133	 102.590	 -69.987
  44	 3393	 600.905	 138.284	 258.145	 9.267	 101.018	 -70.016
  36	 1883	 525.219	 187.887	 275.540	 17.034	 100.934	 -70.061
  48	 2769	 869.534	 851.829	 210.937	 18.087	 101.830	 -70.066
   1	 1271	 773.764	 877.665	 237.382	 19.546	 102.892	 -70.085
   6	 3534	 991.636	 937.501	 203.751	 17.310	 102.350	 -70.087
   5	 2197	 771.853	 151.213	 254.928	 8.934	 100.732	 -70.105
  18	  935	 578.277	 324.336	 282.005	 16.588	 101.255	 -70.109
  30	 2594	 653.071	 299.022	 242.660	 19.289	 101.652	 -70.114
  44	 3408	 591.310	 162.961	 265.735	 10.512	 101.129	 -70.114
  18	 3655	 705.826	 281.776	 277.791	 14.859	 100.939	 -70.117
  18	 1332	 963.034	 854.327	 220.078	 14.909	 100.771	 -70.150
  48	 2698	 781.062	 649.119	 213.597	 17.432	 100.979	 -70.155
  18	 1349	 902.232	 745.043	 199.153	 16.921	 100.529	 -70.157
   8	 3056	 636.121	 776.072	 218.055	 19.734	 100.276	 -70.178
  48	 3467	 579.049	 184.851	 238.290	 18.407	 100.741	 -70.200
  30	 3506	 800.837	 440.183	 204.065	 15.483	 100.166	 -70.205
  36	 2620	 877.319	 664.893	 261.209	 15.463	 100.035	 -70.205
  17	 3757	 979.526	 685.491	 203.997	 18.226	 101.204	 -70.228
  36	 1100	 613.289	 164.247	 301.600	 12.395	 100.536	 -70.261
  33	 3902	 820.105	 394.653	 231.083	 15.727	 101.449	 -70.268
   1	 1192	 748.583	 748.527	 239.037	 18.236	 102.198	 -70.284
  30	 3517	 769.718	 386.192	 206.523	 14.611	 100.291	 -70.287
   4	 3946	 865.700	 492.475	 235.936	 15.983	 101.482	 -70.304
  46	 3519	 909.382	 159.975	 241.234	 7.207	 100.153	 -70.320
  20	 2103	 746.191	 765.893	 200.175	 19.654	 100.938	 -70.331
  16	 2137	 965.954	 690.609	 210.293	 15.850	 101.462	 -70.334
  18	 3597	 686.744	 361.755	 269.385	 19.316	 101.895	 -70.351
  46	 3332	 762.647	 177.048	 264.369	 8.356	 100.850	 -70.366
  44	 3708	 584.665	 205.822	 245.583	 17.453	 101.717	 -70.376
  42	  846	 650.345	 509.475	 255.657	 17.109	 101.707	 -70.377
  20	 2237	 798.919	 747.340	 190.929	 19.613	 100.409	 -70.388
  17	 3118	 915.491	 685.385	 258.107	 19.286	 101.170	 -70.394
  42	 1850	 868.264	 484.925	 262.395	 17.339	 100.655	 -70.425
   6	 1900	 930.284	 772.730	 223.354	 18.989	 102.967	 -70.436
  36	 2279	 628.508	 587.622	 307.784	 19.139	 100.574	 -70.457
  17	 1857	 643.849	 592.357	 212.994	 19.667	 101.393	 -70.458
  30	 2804	 612.228	 631.430	 243.196	 19.555	 102.171	 -70.458
  37	 2758	 719.619	 463.882	 268.617	 18.350	 102.384	 -70.506
  21	 3137	 661.834	 296.906	 271.478	 14.226	 102.027	 -70.508
  48	 2920	 485.749	 223.382	 302.673	 19.539	 100.754	 -70.526
  46	 2574	 804.416	 795.655	 228.964	 15.535	 100.159	 -70.527
  36	  855	 737.590	 484.254	 289.758	 19.003	 101.254	 -70.556
  31	  686	 453.486	 231.952	 264.023	 18.671	 100.750	 -70.557
   0	  690	 696.825	 988.169	 218.464	 19.823	 102.403	 -70.578
  46	 1812	 770.692	 430.129	 213.877	 19.251	 101.846	 -70.591
   8	 1229	 817.514	 335.773	 257.691	 16.619	 100.968	 -70.616
  20	  805	 609.575	 918.563	 236.414	 19.796	 101.003	 -70.650
   1	 3183	 662.277	 230.067	 243.936	 11.508	 102.120	 -70.673
   5	 3529	 643.894	 398.526	 201.899	 19.766	 101.126	 -70.686
  18	 3872	 581.682	 396.899	 254.639	 16.358	 101.800	 -70.717
  36	 2309	 588.808	 567.477	 321.898	 19.473	 100.195	 -70.726
   5	 1758	 767.946	 191.323	 240.412	 15.178	 100.327	 -70.764
   0	 2791	 745.793	 384.034	 209.460	 15.806	 101.719	 -70.768
  46	 3269	 725.400	 120.505	 249.618	 8.771	 102.058	 -70.832
   5	  793	 830.301	 692.463	 230.921	 18.091	 103.583	 -70.833
   5	 1440	 905.633	 458.630	 203.341	 17.968	 101.084	 -70.835
  46	 1597	 857.647	 425.920	 213.595	 15.992	 102.025	 -70.854
  46	 3717	 770.125	 471.407	 210.690	 18.003	 102.407	 -70.862
   4	 1571	 619.170	 125.293	 292.433	 8.598	 101.790	 -70.866
  21	 3708	 658.186	 499.477	 268.875	 15.795	 101.545	 -70.881
  41	 2509	 611.471	 273.512	 261.330	 11.205	 100.171	 -70.906
  29	 1583	 713.872	 293.361	 243.535	 10.852	 101.139	 -70.913
  46	 1419	 748.663	 176.692	 290.015	 7.651	 100.247	 -70.931
  37	 3283	 983.202	 865.106	 253.195	 14.426	 101.322	 -70.953
   0	 1200	 510.604	 547.796	 271.510	 19.317	 100.672	 -70.960
  37	 1604	 432.545	 238.574	 291.626	 18.341	 100.141	 -70.992
  42	 3860	 733.494	 244.125	 272.652	 17.423	 100.890	 -71.021
  21	 2864	 754.748	 303.115	 294.715	 15.968	 100.783	 -71.054
  41	 1452	 606.019	 465.323	 238.513	 19.205	 103.688	 -71.068
  20	 2075	 656.817	 676.971	 215.953	 19.110	 102.369	 -71.080
  30	 3093	 736.524	 454.898	 256.526	 13.505	 101.448	 -71.107
  20	 3094	 689.112	 141.572	 260.821	 14.159	 100.879	 -71.142
  33	 2798	 920.938	 310.308	 204.350	 13.888	 101.065	 -71.143
  17	 2704	 853.632	 212.021	 218.400	 13.056	 101.057	 -71.167
  44	 3151	 616.569	 197.589	 227.917	 15.090	 102.783	 -71.184
  31	 3609	 572.146	 148.966	 309.462	 8.708	 100.406	 -71.187
  39	 3541	 798.168	 365.849	 293.518	 15.366	 100.855	 -71.214
  46	 3648	 703.912	 226.078	 222.008	 16.601	 102.174	 -71.268
  20	 2016	 620.266	 759.672	 229.580	 19.093	 102.437	 -71.344
  30	 2676	 512.234	 191.864	 219.568	 19.246	 101.695	 -71.378
  37	 3681	 858.960	 571.162	 262.419	 15.835	 102.917	 -71.406
   8	 2644	 784.383	 931.289	 232.634	 19.567	 106.136	 -71.443
  18	 1981	 944.915	 307.472	 218.886	 11.382	 102.410	 -71.452
  39	 3174	 774.281	 429.056	 244.677	 14.384	 103.552	 -71.453
   6	 2400	 605.749	 939.896	 282.811	 19.120	 101.407	 -71.462
   8	 2253	 927.106	 612.412	 282.380	 14.970	 100.584	 -71.469
  20	 1788	 474.766	 148.466	 293.377	 15.789	 101.782	 -71.470
   8	 3883	 897.658	 263.607	 215.376	 8.705	 101.667	 -71.486
   0	 2994	 708.128	 506.245	 278.005	 15.827	 102.883	 -71.493
   1	  890	 968.031	 773.482	 211.240	 18.337	 105.100	 -71.578
  16	 1419	 571.453	 110.561	 298.548	 10.270	 102.512	 -71.582
  18	  661	 554.379	 470.653	 233.527	 19.461	 103.656	 -71.621
  44	  643	 594.563	 878.222	 272.582	 18.830	 101.677	 -71.689
   1	  720	 762.713	 555.215	 257.324	 17.660	 104.778	 -71.701
  29	 3944	 937.366	 954.791	 255.983	 13.864	 101.433	 -71.711
  18	 3368	 654.665	 619.525	 305.167	 18.897	 103.050	 -71.729
  46	  569	 740.950	 923.989	 269.746	 19.344	 105.556	 -71.739
  44	 1795	 688.098	 569.662	 275.677	 19.804	 105.034	 -71.740
  30	 1968	 796.994	 303.014	 206.596	 18.371	 101.930	 -71.741
  39	 1410	 665.477	 659.327	 316.118	 17.312	 100.755	 -71.753
  41	 1422	 575.114	 360.558	 208.362	 19.670	 103.101	 -71.824
  42	 2442	 583.834	 123.176	 286.862	 8.463	 103.414	 -71.897
   0	 3572	 685.431	 839.763	 281.796	 17.994	 103.508	 -71.975
  20	 2063	 639.678	 750.989	 203.982	 19.535	 102.699	 -72.027
  21	 2521	 816.688	 142.830	 194.502	 7.306	 101.857	 -72.044
  44	  490	 558.900	 981.788	 276.142	 19.069	 100.366	 -72.048
  44	  485	 558.900	 981.788	 276.142	 19.069	 100.366	 -72.048
   5	 3495	 680.618	 194.237	 198.161	 18.692	 100.953	 -72.194
  29	 2820	 778.224	 350.428	 320.188	 17.340	 100.341	 -72.223
  41	 3914	 705.051	 278.423	 249.209	 13.699	 105.302	 -72.228
  44	 2898	 927.701	 370.070	 246.229	 9.625	 102.432	 -72.258
  36	 3281	 721.023	 797.543	 216.054	 19.392	 106.065	 -72.277
  44	 3907	 736.549	 337.560	 178.067	 15.877	 100.546	 -72.321
  16	 2842	 909.881	 158.083	 282.123	 5.569	 101.120	 -72.357
   1	 1716	 964.113	 373.920	 253.260	 15.263	 102.507	 -72.365
   0	 2189	 921.797	 653.893	 206.144	 17.655	 105.768	 -72.382
   5	 3209	 941.291	 889.292	 208.829	 19.045	 107.839	 -72.397
  30	  546	 419.237	 284.970	 258.250	 18.040	 101.065	 -72.404
  33	 3581	 741.601	 925.855	 240.934	 16.727	 104.619	 -72.409
   8	 1878	 727.230	 699.081	 283.568	 19.619	 105.972	 -72.421
  17	 1421	 591.474	 951.586	 297.842	 18.311	 100.641	 -72.432
  44	 1577	 997.575	 378.072	 210.265	 12.871	 104.155	 -72.466
  36	 1026	 592.194	 303.845	 368.474	 16.650	 100.124	 -72.466
  44	 1235	 547.136	 311.910	 306.747	 14.739	 103.001	 -72.478
  41	 1562	 762.844	 672.780	 259.616	 19.727	 107.075	 -72.525
  41	  784	 951.458	 325.218	 231.351	 10.023	 104.318	 -72.531
  29	 1565	 764.122	 150.103	 263.195	 5.215	 101.230	 -72.541
  42	 2611	 916.580	 150.578	 219.464	 8.833	 103.168	 -72.555
  31	 1454	 707.840	 351.840	 221.869	 13.814	 105.047	 -72.563
   4	  903	 848.778	 420.424	 216.756	 19.701	 104.385	 -72.565
  17	 1254	 915.748	 994.530	 248.662	 12.666	 100.173	 -72.616
  17	 1595	 861.232	 711.882	 315.094	 15.181	 100.057	 -72.632
  17	 1592	 861.232	 711.882	 315.094	 15.181	 100.057	 -72.632
  44	 2018	 779.842	 488.409	 309.731	 16.911	 102.933	 -72.663
  48	  836	 816.023	 717.803	 321.133	 19.876	 102.093	 -72.687
  31	 3540	 716.963	 489.187	 324.122	 16.482	 102.586	 -72.744
   8	 1856	 693.024	 646.012	 291.145	 19.585	 106.866	 -73.073
  42	 2898	 601.170	 497.956	 211.575	 18.510	 105.261	 -73.115
  44	 2882	 920.207	 366.391	 245.822	 11.120	 106.030	 -73.375
  39	 3240	 674.734	 442.042	 202.857	 14.350	 103.739	 -73.439
   0	 2178	 977.980	 686.447	 197.116	 18.017	 107.561	 -73.450
  41	 1519	 545.829	 200.599	 256.997	 17.175	 106.693	 -73.567
  30	  419	 389.866	 151.756	 272.980	 14.648	 101.568	 -73.617
  42	 1220	 707.463	 303.030	 232.804	 14.241	 107.770	 -73.665
   0	 3606	 586.973	 568.796	 325.349	 17.379	 103.804	 -73.692
  42	 1688	 914.840	 347.635	 267.868	 19.810	 102.186	 -73.873
   0	 3605	 551.164	 590.034	 337.592	 17.886	 102.615	 -73.874
  31	 3500	 403.627	 334.929	 273.425	 18.155	 101.946	 -74.147
   0	 1046	 699.704	 575.532	 304.084	 12.914	 101.384	 -74.219
  29	  522	 541.281	 948.331	 223.999	 19.095	 103.240	 -74.307
  33	 3492	 559.386	 625.650	 235.637	 15.421	 101.195	 -74.318
  42	 3711	 493.550	 314.366	 336.701	 18.829	 105.551	 -74.439
   4	  489	 547.744	 958.256	 211.818	 19.455	 104.004	 -74.716
   6	 2103	 947.636	 706.923	 199.627	 16.218	 110.697	 -74.743
  18	 2534	 861.246	 172.238	 202.065	 7.594	 107.626	 -74.807
  30	  470	 387.212	 116.677	 322.947	 11.965	 101.718	 -75.053
  44	  749	 551.684	 998.929	 330.920	 18.642	 102.759	 -75.057
  41	 3302	 817.162	 949.082	 186.416	 18.782	 111.203	 -75.354
  30	  809	 979.668	 267.859	 272.992	 19.432	 100.437	 -75.522
  18	  420	 393.729	 281.315	 271.581	 16.981	 104.041	 -75.889
  39	 1866	 826.442	 216.240	 223.614	 9.583	 111.524	 -76.217
  16	  827	 745.143	 695.985	 255.623	 14.791	 112.341	 -76.552
  41	  345	 434.883	 118.156	 250.669	 11.983	 108.332	 -76.791
   6	  474	 547.287	 785.505	 228.635	 15.507	 103.881	 -77.663
   5	 2807	 735.369	 579.565	 245.018	 18.909	 118.136	 -78.275
   0	  379	 404.225	 827.711	 352.775	 18.578	 101.154	 -80.719
  39	  352	 419.817	 934.121	 360.758	 18.211	 101.377	 -81.474
  39	  363	 419.817	 934.121	 360.758	 18.211	 101.377	 -81.474
  42	  312	 312.037	 443.583	 318.153	 18.746	 105.183	 -84.778
  16	  337	 391.470	 558.099	 367.791	 15.612	 105.072	 -85.556
  37	  299	 481.163	 939.680	 362.629	 18.025	 121.462	 -87.156
   4	  277	 383.633	 605.748	 413.551	 18.491	 111.581	 -87.501
   4	  241	 317.505	 440.376	 479.816	 18.567	 106.481	 -90.627
  36	  261	 357.046	 154.490	 614.264	 11.520	 101.554	 -91.078
  36	  231	 303.799	 163.053	 538.145	 13.212	 104.757	 -92.220
  30	  305	 342.376	 316.833	 347.921	 11.306	 107.290	 -93.548
  21	  198	 258.430	 560.880	 420.265	 19.361	 101.582	 -93.948
  18	  165	 319.288	 334.215	 467.362	 18.876	 118.150	 -94.762
   0	  243	 367.216	 951.571	 622.995	 19.694	 108.636	 -98.035
  48	  206	 256.420	 418.618	 456.506	 19.375	 115.003	 -100.151
   6	  174	 305.454	 417.564	 514.958	 11.363	 101.767	 -108.084
   5	  118	 344.423	 260.311	 510.302	 18.981	 146.941	 -112.763
  17	  128	 398.717	 720.168	 608.542	 12.359	 139.835	 -122.182
  29	  143	 389.313	 757.809	 472.144	 14.015	 180.717	 -128.531
  41	  152	 301.467	 495.398	 435.952	 14.750	 167.674	 -129.330
  20	   82	 439.497	 514.460	 458.017	 4.086	 182.477	 -178.240
  21	   91	 355.389	 384.546	 576.899	 8.487	 392.425	 -220.874
  44	   28	 183.779	 258.898	 115.645	 18.748	 323.473	 -241.654
  48	   49	 200.174	 150.054	 164.613	 12.602	 512.523	 -316.496
  14	  416	 228.268	 17.390	 212.108	 145.612	 429.416	 -inf
  49	  628	 -23.709	 -10.771	 148.228	 -121.939	 505.712	 -inf
  12	 1304	 338.878	 33.866	 453.086	 132.458	 565.458	 -inf
  32	  566	 376.025	 93.935	 -91.350	 -127.757	 422.214	 -inf
  22	  694	 5.668	 135.249	 126.356	 122.781	 551.507	 -inf
  43	 3316	 376.534	 187.097	 99.154	 127.742	 488.123	 -inf
  38	 1878	 83.983	 235.011	 116.872	 88.654	 414.854	 -inf
  33	 1105	 311.584	 131.027	 -59.425	 27.123	 661.336	 -inf
  28	 3297	 152.463	 147.761	 47.811	 129.453	 312.684	 -inf
  10	 3184	 116.983	 11.942	 122.090	 212.285	 501.335	 -inf
  27	  252	 182.454	 6.609	 96.698	 -92.656	 676.796	 -inf
  49	 3690	 -23.709	 -10.771	 148.228	 -121.939	 505.712	 -inf
  45	 2742	 59.767	 145.112	 80.508	 101.541	 388.513	 -inf
   3	 2825	 226.247	 127.650	 76.673	 133.600	 654.336	 -inf
  26	 2166	 46.121	 55.210	 211.799	 31.582	 488.401	 -inf
   2	  147	 279.503	 62.556	 163.405	 170.205	 528.475	 -inf
  23	 2474	 -78.253	 158.465	 182.427	 52.186	 453.133	 -inf
  14	  416	 228.268	 17.390	 212.108	 145.612	 429.416	 -inf
  28	 1255	 152.463	 147.761	 47.811	 129.453	 312.684	 -inf
   9	   71	 278.477	 4.457	 208.591	 256.578	 352.884	 -inf
  19	 3249	 182.582	 146.116	 32.402	 151.013	 592.002	 -inf
  15	  940	 319.269	 76.206	 265.529	 93.817	 612.233	 -inf
  13	  364	 194.881	 27.440	 63.223	 36.402	 420.273	 -inf
  32	 3503	 376.025	 93.935	 -91.350	 -127.757	 422.214	 -inf
  26	 3833	 46.121	 55.210	 211.799	 31.582	 488.401	 -inf
  49	 3169	 -23.709	 -10.771	 148.228	 -121.939	 505.712	 -inf
  32	  896	 376.025	 93.935	 -91.350	 -127.757	 422.214	 -inf
  15	 1756	 319.269	 76.206	 265.529	 93.817	 612.233	 -inf
  23	 3496	 -78.253	 158.465	 182.427	 52.186	 453.133	 -inf
  14	 2072	 228.268	 17.390	 212.108	 145.612	 429.416	 -inf
  28	    3	 152.463	 147.761	 47.811	 129.453	 312.684	 -inf
  24	 3335	 285.328	 58.697	 333.472	 106.438	 713.783	 -inf
  24	 3782	 285.328	 58.697	 333.472	 106.438	 713.783	 -inf
  24	 3641	 285.328	 58.697	 333.472	 106.438	 713.783	 -inf
  19	  568	 182.582	 146.116	 32.402	 151.013	 592.002	 -inf
  26	 2993	 46.121	 55.210	 211.799	 31.582	 488.401	 -inf
  32	 2091	 376.025	 93.935	 -91.350	 -127.757	 422.214	 -inf
  33	  916	 311.584	 131.027	 -59.425	 27.123	 661.336	 -inf
   9	 1183	 278.477	 4.457	 208.591	 256.578	 352.884	 -inf
  26	  589	 46.121	 55.210	 211.799	 31.582	 488.401	 -inf
  27	  960	 182.454	 6.609	 96.698	 -92.656	 676.796	 -inf
  12	 3668	 338.878	 33.866	 453.086	 132.458	 565.458	 -inf
  12	 2057	 338.878	 33.866	 453.086	 132.458	 565.458	 -inf
  27	 1259	 182.454	 6.609	 96.698	 -92.656	 676.796	 -inf
  45	  172	 59.767	 145.112	 80.508	 101.541	 388.513	 -inf
  34	 2823	 162.520	 25.003	 355.462	 55.341	 452.084	 -inf
  43	 2829	 376.534	 187.097	 99.154	 127.742	 488.123	 -inf
   7	 3228	 217.719	 -11.647	 158.093	 31.342	 494.318	 -inf
  34	 3516	 162.520	 25.003	 355.462	 55.341	 452.084	 -inf
  45	 2112	 59.767	 145.112	 80.508	 101.541	 388.513	 -inf
  25	 3068	 121.447	 -75.593	 221.479	 135.270	 503.536	 -inf
  47	  317	 370.459	 204.009	 58.156	 39.466	 563.020	 -inf
  23	  740	 -78.253	 158.465	 182.427	 52.186	 453.133	 -inf
   7	 3959	 217.719	 -11.647	 158.093	 31.342	 494.318	 -inf
  37	  209	 303.369	 180.884	 328.975	 95.128	 331.594	 -inf
  43	 3582	 376.534	 187.097	 99.154	 127.742	 488.123	 -inf
   2	 1552	 279.503	 62.556	 163.405	 170.205	 528.475	 -inf
  23	 3529	 -78.253	 158.465	 182.427	 52.186	 453.133	 -inf
   7	  114	 217.719	 -11.647	 158.093	 31.342	 494.318	 -inf
  19	 2788	 182.582	 146.116	 32.402	 151.013	 592.002	 -inf
  25	 1064	 121.447	 -75.593	 221.479	 135.270	 503.536	 -inf
  49	 1675	 -23.709	 -10.771	 148.228	 -121.939	 505.712	 -inf
  19	 2356	 182.582	 146.116	 32.402	 151.013	 592.002	 -inf
  22	 1630	 5.668	 135.249	 126.356	 122.781	 551.507	 -inf
  35	  836	 235.017	 101.716	 107.086	 170.846	 611.570	 -inf
  10	 2759	 116.983	 11.942	 122.090	 212.285	 501.335	 -inf
  26	 1980	 46.121	 55.210	 211.799	 31.582	 488.401	 -inf
  32	 3087	 376.025	 93.935	 -91.350	 -127.757	 422.214	 -inf
  49	  877	 -23.709	 -10.771	 148.228	 -121.939	 505.712	 -inf
  35	 2346	 235.017	 101.716	 107.086	 170.846	 611.570	 -inf
  47	 2343	 370.459	 204.009	 58.156	 39.466	 563.020	 -inf
  28	 3577	 152.463	 147.761	 47.811	 129.453	 312.684	 -inf
  22	 3850	 5.668	 135.249	 126.356	 122.781	 551.507	 -inf
  32	 2708	 376.025	 93.935	 -91.350	 -127.757	 422.214	 -inf
  22	  327	 5.668	 135.249	 126.356	 122.781	 551.507	 -inf
   7	 2869	 217.719	 -11.647	 158.093	 31.342	 494.318	 -inf
  15	 3052	 319.269	 76.206	 265.529	 93.817	 612.233	 -inf
  13	 1717	 194.881	 27.440	 63.223	 36.402	 420.273	 -inf
  40	  308	 267.440	 27.761	 259.900	 -40.163	 417.753	 -inf
  28	 2680	 152.463	 147.761	 47.811	 129.453	 312.684	 -inf
  13	   96	 194.881	 27.440	 63.223	 36.402	 420.273	 -inf
   3	 1681	 226.247	 127.650	 76.673	 133.600	 654.336	 -inf
  11	 3690	 130.531	 162.180	 90.020	 162.341	 530.527	 -inf
  22	 1881	 5.668	 135.249	 126.356	 122.781	 551.507	 -inf
  19	  527	 182.582	 146.116	 32.402	 151.013	 592.002	 -inf
  43	 3882	 376.534	 187.097	 99.154	 127.742	 488.123	 -inf
   2	 2835	 279.503	 62.556	 163.405	 170.205	 528.475	 -inf
  25	 1732	 121.447	 -75.593	 221.479	 135.270	 503.536	 -inf
  47	 3869	 370.459	 204.009	 58.156	 39.466	 563.020	 -inf
  28	  393	 152.463	 147.761	 47.811	 129.453	 312.684	 -inf
  35	 3385	 235.017	 101.716	 107.086	 170.846	 611.570	 -inf
  22	 2923	 5.668	 135.249	 126.356	 122.781	 551.507	 -inf
  15	 3654	 319.269	 76.206	 265.529	 93.817	 612.233	 -inf
  33	  813	 311.584	 131.027	 -59.425	 27.123	 661.336	 -inf
  40	  936	 267.440	 27.761	 259.900	 -40.163	 417.753	 -inf
  26	 2425	 46.121	 55.210	 211.799	 31.582	 488.401	 -inf
  14	 2147	 228.268	 17.390	 212.108	 145.612	 429.416	 -inf
   3	 1058	 226.247	 127.650	 76.673	 133.600	 654.336	 -inf
  43	 2173	 376.534	 187.097	 99.154	 127.742	 488.123	 -inf
  43	 3268	 376.534	 187.097	 99.154	 127.742	 488.123	 -inf
  26	  776	 46.121	 55.210	 211.799	 31.582	 488.401	 -inf
  26	  988	 46.121	 55.210	 211.799	 31.582	 488.401	 -inf
  23	 1476	 -78.253	 158.465	 182.427	 52.186	 453.133	 -inf
  34	  210	 162.520	 25.003	 355.462	 55.341	 452.084	 -inf
  24	 1395	 285.328	 58.697	 333.472	 106.438	 713.783	 -inf
  34	 2150	 162.520	 25.003	 355.462	 55.341	 452.084	 -inf
  17	   83	 5.741	 -150.644	 -61.416	 8.836	 627.853	 -inf
  26	 1832	 46.121	 55.210	 211.799	 31.582	 488.401	 -inf
  13	 1360	 194.881	 27.440	 63.223	 36.402	 420.273	 -inf
  33	 1631	 311.584	 131.027	 -59.425	 27.123	 661.336	 -inf
   7	 3077	 217.719	 -11.647	 158.093	 31.342	 494.318	 -inf
  14	 3906	 228.268	 17.390	 212.108	 145.612	 429.416	 -inf
  24	 1378	 285.328	 58.697	 333.472	 106.438	 713.783	 -inf
  38	 1812	 83.983	 235.011	 116.872	 88.654	 414.854	 -inf
  34	   18	 162.520	 25.003	 355.462	 55.341	 452.084	 -inf
   7	  904	 217.719	 -11.647	 158.093	 31.342	 494.318	 -inf
  14	 1071	 228.268	 17.390	 212.108	 145.612	 429.416	 -inf
  45	 2315	 59.767	 145.112	 80.508	 101.541	 388.513	 -inf
  15	 2465	 319.269	 76.206	 265.529	 93.817	 612.233	 -inf
  10	 3346	 116.983	 11.942	 122.090	 212.285	 501.335	 -inf
  47	 1022	 370.459	 204.009	 58.156	 39.466	 563.020	 -inf
  47	  826	 370.459	 204.009	 58.156	 39.466	 563.020	 -inf
  38	 3718	 83.983	 235.011	 116.872	 88.654	 414.854	 -inf
  22	 2764	 5.668	 135.249	 126.356	 122.781	 551.507	 -inf
  38	 2919	 83.983	 235.011	 116.872	 88.654	 414.854	 -inf
  33	 1574	 311.584	 131.027	 -59.425	 27.123	 661.336	 -inf
  28	 1396	 152.463	 147.761	 47.811	 129.453	 312.684	 -inf
  13	  388	 194.881	 27.440	 63.223	 36.402	 420.273	 -inf
  32	 2327	 376.025	 93.935	 -91.350	 -127.757	 422.214	 -inf
  12	  534	 338.878	 33.866	 453.086	 132.458	 565.458	 -inf
  10	  570	 116.983	 11.942	 122.090	 212.285	 501.335	 -inf
  23	  636	 -78.253	 158.465	 182.427	 52.186	 453.133	 -inf
  34	 2591	 162.520	 25.003	 355.462	 55.341	 452.084	 -inf
  40	  600	 267.440	 27.761	 259.900	 -40.163	 417.753	 -inf
  13	 3661	 194.881	 27.440	 63.223	 36.402	 420.273	 -inf
  47	 2236	 370.459	 204.009	 58.156	 39.466	 563.020	 -inf
  34	 2133	 162.520	 25.003	 355.462	 55.341	 452.084	 -inf
  33	 1051	 311.584	 131.027	 -59.425	 27.123	 661.336	 -inf
  47	 2265	 370.459	 204.009	 58.156	 39.466	 563.020	 -inf
  23	 2970	 -78.253	 158.465	 182.427	 52.186	 453.133	 -inf
  10	 1377	 116.983	 11.942	 122.090	 212.285	 501.335	 -inf
  19	 2346	 182.582	 146.116	 32.402	 151.013	 592.002	 -inf
   3	 2313	 226.247	 127.650	 76.673	 133.600	 654.336	 -inf
  40	  715	 267.440	 27.761	 259.900	 -40.163	 417.753	 -inf
  15	   37	 319.269	 76.206	 265.529	 93.817	 612.233	 -inf
  49	  650	 -23.709	 -10.771	 148.228	 -121.939	 505.712	 -inf
  22	 3734	 5.668	 135.249	 126.356	 122.781	 551.507	 -inf
  34	 3258	 162.520	 25.003	 355.462	 55.341	 452.084	 -inf
  23	 1324	 -78.253	 158.465	 182.427	 52.186	 453.133	 -inf
  32	 3445	 376.025	 93.935	 -91.350	 -127.757	 422.214	 -inf
  12	 1034	 338.878	 33.866	 453.086	 132.458	 565.458	 -inf
  34	 2952	 162.520	 25.003	 355.462	 55.341	 452.084	 -inf
   9	 2704	 278.477	 4.457	 208.591	 256.578	 352.884	 -inf
   3	 3123	 226.247	 127.650	 76.673	 133.600	 654.336	 -inf
  34	  588	 162.520	 25.003	 355.462	 55.341	 452.084	 -inf
  25	 1188	 121.447	 -75.593	 221.479	 135.270	 503.536	 -inf
  10	 2627	 116.983	 11.942	 122.090	 212.285	 501.335	 -inf
   9	 1521	 278.477	 4.457	 208.591	 256.578	 352.884	 -inf
   3	 1719	 226.247	 127.650	 76.673	 133.600	 654.336	 -inf
  11	  927	 130.531	 162.180	 90.020	 162.341	 530.527	 -inf
  22	 3750	 5.668	 135.249	 126.356	 122.781	 551.507	 -inf
  24	  744	 285.328	 58.697	 333.472	 106.438	 713.783	 -inf
  38	  810	 83.983	 235.011	 116.872	 88.654	 414.854	 -inf
  25	  870	 121.447	 -75.593	 221.479	 135.270	 503.536	 -inf
  35	 3267	 235.017	 101.716	 107.086	 170.846	 611.570	 -inf
  47	 2299	 370.459	 204.009	 58.156	 39.466	 563.020	 -inf
  35	 2310	 235.017	 101.716	 107.086	 170.846	 611.570	 -inf
   9	 3040	 278.477	 4.457	 208.591	 256.578	 352.884	 -inf
  23	 1669	 -78.253	 158.465	 182.427	 52.186	 453.133	 -inf
  10	 2482	 116.983	 11.942	 122.090	 212.285	 501.335	 -inf
  24	 1438	 285.328	 58.697	 333.472	 106.438	 713.783	 -inf
  11	  409	 130.531	 162.180	 90.020	 162.341	 530.527	 -inf
  12	 1966	 338.878	 33.866	 453.086	 132.458	 565.458	 -inf
  40	 1237	 267.440	 27.761	 259.900	 -40.163	 417.753	 -inf
  35	 2055	 235.017	 101.716	 107.086	 170.846	 611.570	 -inf
  24	 3997	 285.328	 58.697	 333.472	 106.438	 713.783	 -inf
  38	 3643	 83.983	 235.011	 116.872	 88.654	 414.854	 -inf
  35	 2878	 235.017	 101.716	 107.086	 170.846	 611.570	 -inf
  32	 1192	 376.025	 93.935	 -91.350	 -127.757	 422.214	 -inf
   9	 1403	 278.477	 4.457	 208.591	 256.578	 352.884	 -inf
  25	 3732	 121.447	 -75.593	 221.479	 135.270	 503.536	 -inf
  34	 2825	 162.520	 25.003	 355.462	 55.341	 452.084	 -inf
  47	   12	 370.459	 204.009	 58.156	 39.466	 563.020	 -inf
  40	 1847	 267.440	 27.761	 259.900	 -40.163	 417.753	 -inf
  28	 3999	 152.463	 147.761	 47.811	 129.453	 312.684	 -inf
  45	 1276	 59.767	 145.112	 80.508	 101.541	 388.513	 -inf
  19	 2046	 182.582	 146.116	 32.402	 151.013	 592.002	 -inf
  12	  160	 338.878	 33.866	 453.086	 132.458	 565.458	 -inf
  40	  306	 267.440	 27.761	 259.900	 -40.163	 417.753	 -inf
  26	 1641	 46.121	 55.210	 211.799	 31.582	 488.401	 -inf
  28	 3520	 152.463	 147.761	 47.811	 129.453	 312.684	 -inf
   9	 2099	 278.477	 4.457	 208.591	 256.578	 352.884	 -inf
  45	   22	 59.767	 145.112	 80.508	 101.541	 388.513	 -inf
  14	 3416	 228.268	 17.390	 212.108	 145.612	 429.416	 -inf
  38	 2388	 83.983	 235.011	 116.872	 88.654	 414.854	 -inf
  49	 2700	 -23.709	 -10.771	 148.228	 -121.939	 505.712	 -inf
  49	 2302	 -23.709	 -10.771	 148.228	 -121.939	 505.712	 -inf
  40	 1267	 267.440	 27.761	 259.900	 -40.163	 417.753	 -inf
  43	  423	 376.534	 187.097	 99.154	 127.742	 488.123	 -inf
  32	 2101	 376.025	 93.935	 -91.350	 -127.757	 422.214	 -inf
  43	 2524	 376.534	 187.097	 99.154	 127.742	 488.123	 -inf
  28	 3356	 152.463	 147.761	 47.811	 129.453	 312.684	 -inf
  32	  595	 376.025	 93.935	 -91.350	 -127.757	 422.214	 -inf
  47	 3429	 370.459	 204.009	 58.156	 39.466	 563.020	 -inf
  45	 2961	 59.767	 145.112	 80.508	 101.541	 388.513	 -inf
  12	   15	 338.878	 33.866	 453.086	 132.458	 565.458	 -inf
  40	 2953	 267.440	 27.761	 259.900	 -40.163	 417.753	 -inf
   2	  642	 279.503	 62.556	 163.405	 170.205	 528.475	 -inf
   3	 2535	 226.247	 127.650	 76.673	 133.600	 654.336	 -inf
  12	 3620	 338.878	 33.866	 453.086	 132.458	 565.458	 -inf
  28	 3557	 152.463	 147.761	 47.811	 129.453	 312.684	 -inf
  47	 3784	 370.459	 204.009	 58.156	 39.466	 563.020	 -inf
  25	  571	 121.447	 -75.593	 221.479	 135.270	 503.536	 -inf
  23	  529	 -78.253	 158.465	 182.427	 52.186	 453.133	 -inf
  35	 1954	 235.017	 101.716	 107.086	 170.846	 611.570	 -inf
  13	 2575	 194.881	 27.440	 63.223	 36.402	 420.273	 -inf
  28	 2088	 152.463	 147.761	 47.811	 129.453	 312.684	 -inf
   9	 2122	 278.477	 4.457	 208.591	 256.578	 352.884	 -inf
   3	 3917	 226.247	 127.650	 76.673	 133.600	 654.336	 -inf
   7	  735	 217.719	 -11.647	 158.093	 31.342	 494.318	 -inf
  28	  163	 152.463	 147.761	 47.811	 129.453	 312.684	 -inf
   3	 1237	 226.247	 127.650	 76.673	 133.600	 654.336	 -inf
  40	  289	 267.440	 27.761	 259.900	 -40.163	 417.753	 -inf
  13	 1348	 194.881	 27.440	 63.223	 36.402	 420.273	 -inf
  23	  900	 -78.253	 158.465	 182.427	 52.186	 453.133	 -inf
  17	   35	 5.741	 -150.644	 -61.416	 8.836	 627.853	 -inf
  38	 3798	 83.983	 235.011	 116.872	 88.654	 414.854	 -inf
  23	 3639	 -78.253	 158.465	 182.427	 52.186	 453.133	 -inf
  28	  814	 152.463	 147.761	 47.811	 129.453	 312.684	 -inf
  38	  707	 83.983	 235.011	 116.872	 88.654	 414.854	 -inf
  19	 1742	 182.582	 146.116	 32.402	 151.013	 592.002	 -inf
  13	 1965	 194.881	 27.440	 63.223	 36.402	 420.273	 -inf
  19	 1209	 182.582	 146.116	 32.402	 151.013	 592.002	 -inf
   7	 2517	 217.719	 -11.647	 158.093	 31.342	 494.318	 -inf
  27	 2292	 182.454	 6.609	 96.698	 -92.656	 676.796	 -inf
  34	 2572	 162.520	 25.003	 355.462	 55.341	 452.084	 -inf
  11	  755	 130.531	 162.180	 90.020	 162.341	 530.527	 -inf
  25	 3127	 121.447	 -75.593	 221.479	 135.270	 503.536	 -inf
   9	 2348	 278.477	 4.457	 208.591	 256.578	 352.884	 -inf
  43	 1659	 376.534	 187.097	 99.154	 127.742	 488.123	 -inf
  12	 1776	 338.878	 33.866	 453.086	 132.458	 565.458	 -inf
  35	 2589	 235.017	 101.716	 107.086	 170.846	 611.570	 -inf
  14	 2181	 228.268	 17.390	 212.108	 145.612	 429.416	 -inf
  19	  193	 182.582	 146.116	 32.402	 151.013	 592.002	 -inf
  40	 1178	 267.440	 27.761	 259.900	 -40.163	 417.753	 -inf
   3	 2089	 226.247	 127.650	 76.673	 133.600	 654.336	 -inf
  12	 3984	 338.878	 33.866	 453.086	 132.458	 565.458	 -inf
  49	 2135	 -23.709	 -10.771	 148.228	 -121.939	 505.712	 -inf
  14	 3574	 228.268	 17.390	 212.108	 145.612	 429.416	 -inf
  23	  389	 -78.253	 158.465	 182.427	 52.186	 453.133	 -inf
  11	 1743	 130.531	 162.180	 90.020	 162.341	 530.527	 -inf
  22	 3223	 5.668	 135.249	 126.356	 122.781	 551.507	 -inf
  43	 2496	 376.534	 187.097	 99.154	 127.742	 488.123	 -inf
  23	 2914	 -78.253	 158.465	 182.427	 52.186	 453.133	 -inf
  35	 3064	 235.017	 101.716	 107.086	 170.846	 611.570	 -inf
  15	 1086	 319.269	 76.206	 265.529	 93.817	 612.233	 -inf
  14	  128	 228.268	 17.390	 212.108	 145.612	 429.416	 -inf
  28	 3879	 152.463	 147.761	 47.811	 129.453	 312.684	 -inf
  28	  422	 152.463	 147.761	 47.811	 129.453	 312.684	 -inf
  19	  457	 182.582	 146.116	 32.402	 151.013	 592.002	 -inf
  32	  717	 376.025	 93.935	 -91.350	 -127.757	 422.214	 -inf
  22	 3462	 5.668	 135.249	 126.356	 122.781	 551.507	 -inf
   9	 2553	 278.477	 4.457	 208.591	 256.578	 352.884	 -inf
  19	 2896	 182.582	 146.116	 32.402	 151.013	 592.002	 -inf
  34	 1150	 162.520	 25.003	 355.462	 55.341	 452.084	 -inf
  14	 1961	 228.268	 17.390	 212.108	 145.612	 429.416	 -inf
  32	   37	 376.025	 93.935	 -91.350	 -127.757	 422.214	 -inf
