#Code GG_Lat GG_Lon X(m) Y(m) Z(m)
WT024a        -38.606  176.027    2453.640   -2312.359    -487.523
WT030a        -38.608  176.038    2164.640   -1445.359    -380.028
WT033c        -38.617  176.046    1297.640    -867.359    -487.523
WT039a        -38.595  176.021    3609.640   -2890.359    -487.523
WT060a        -38.627  176.055     141.640      -0.359    -487.523
WT068a        -38.635  176.064    -725.360     866.641    -380.028
WT070b        -38.640  176.067   -1303.360    1155.641    -487.523
WT071a        -38.632  176.061    -436.360     577.641    -487.523
WT107a        -38.651  176.084   -2459.360    2600.641    -380.028
WT111a        -38.662  176.090   -3615.360    3178.641    -380.028
WT223a        -38.645  176.073   -1881.360    1733.641    -380.028
WT501a        -38.614  176.043    1586.640    -867.359    -487.523
WT502a        -38.619  176.047    1008.640    -578.359    -487.523